epoch	phase	stage	acc	stage_pure	clean_precision	clean_recall	noisy_precision	noisy_recall	keep_ratio	avg_teacher_similarity	round_time_sec	total_time_sec
0	warmup	warmup	19.59	None	None	None	None	None	None	None	174.6468	174.6531
1	warmup	warmup	42.03	None	None	None	None	None	None	None	186.0290	360.6969
2	warmup	warmup	61.64	None	None	None	None	None	None	None	186.4229	547.1326
3	warmup	warmup	71.38	None	None	None	None	None	None	None	186.8103	733.9503
4	warmup	warmup	74.64	None	None	None	None	None	None	None	188.0776	922.0381
5	warmup	warmup	73.69	None	None	None	None	None	None	None	187.6245	1109.6737
6	warmup	warmup	68.73	None	None	None	None	None	None	None	186.4404	1296.1220
7	warmup	warmup	63.83	None	None	None	None	None	None	None	185.6742	1481.8041
8	warmup	warmup	57.67	None	None	None	None	None	None	None	185.5021	1667.3158
9	warmup	warmup	53.53	None	None	None	None	None	None	None	187.2822	1854.6071
10	warmup	warmup	51.33	None	None	None	None	None	None	None	187.2448	2041.8593
11	warmup	warmup	49.0	None	None	None	None	None	None	None	185.5120	2227.3787
12	warmup	warmup	47.24	None	None	None	None	None	None	None	186.4822	2413.8685
13	warmup	warmup	46.68	None	None	None	None	None	None	None	185.2905	2599.1667
14	warmup	warmup	46.55	None	None	None	None	None	None	None	186.4457	2785.6199
15	warmup	warmup	45.9	None	None	None	None	None	None	None	186.2680	2971.8953
16	warmup	warmup	44.81	None	None	None	None	None	None	None	185.6548	3157.5577
17	warmup	warmup	45.28	None	None	None	None	None	None	None	188.0884	3345.6536
18	warmup	warmup	44.79	None	None	None	None	None	None	None	186.4885	3532.1495
19	warmup	warmup	44.48	None	None	None	None	None	None	None	232.4356	3764.5937
20	stage_1	0	46.88	51.695	51.695	93.041	65.225	13.053	89.994	0.957	173.9600	3938.5617
21	stage_1	0	46.22	51.695	51.695	93.041	65.225	13.053	89.994	0.957	176.2186	4114.7895
22	stage_1	0	46.09	51.695	51.695	93.041	65.225	13.053	89.994	0.957	177.7767	4292.5760
23	stage_1	0	46.59	51.695	51.695	93.041	65.225	13.053	89.994	0.957	179.2662	4471.8502
24	stage_1	0	46.31	51.695	51.695	93.041	65.225	13.053	89.994	0.957	176.3477	4648.2056
25	stage_1	0	45.63	51.695	51.695	93.041	65.225	13.053	89.994	0.957	176.5977	4824.8127
26	stage_1	0	45.42	51.695	51.695	93.041	65.225	13.053	89.994	0.957	176.9069	5001.7287
27	stage_1	0	44.84	51.695	51.695	93.041	65.225	13.053	89.994	0.957	176.0601	5177.7967
28	stage_1	0	45.08	51.695	51.695	93.041	65.225	13.053	89.994	0.957	177.3335	5355.1382
29	stage_1	0	45.24	51.695	51.695	93.041	65.225	13.053	89.994	0.957	176.5935	5531.7396
30	stage_1	0	44.65	51.695	51.695	93.041	65.225	13.053	89.994	0.957	176.5514	5708.2990
31	stage_1	0	44.78	51.695	51.695	93.041	65.225	13.053	89.994	0.957	175.7771	5884.0842
32	stage_1	0	44.02	51.695	51.695	93.041	65.225	13.053	89.994	0.957	177.1526	6061.2447
33	stage_1	0	43.68	51.695	51.695	93.041	65.225	13.053	89.994	0.957	177.4653	6238.7180
34	stage_1	0	43.24	51.695	51.695	93.041	65.225	13.053	89.994	0.957	177.1884	6415.9171
35	stage_1	0	43.83	51.695	51.695	93.041	65.225	13.053	89.994	0.957	178.5402	6594.4653
36	stage_1	0	44.08	51.695	51.695	93.041	65.225	13.053	89.994	0.957	177.8789	6772.3522
37	stage_1	0	43.39	51.695	51.695	93.041	65.225	13.053	89.994	0.957	176.3392	6948.6997
38	stage_1	0	42.9	51.695	51.695	93.041	65.225	13.053	89.994	0.957	212.9716	7161.6796
39	stage_2	1	45.85	50.081	50.081	70.106	50.182	30.115	69.996	0.98	139.3008	7300.9892
40	stage_2	1	43.61	50.081	50.081	70.106	50.182	30.115	69.996	0.98	141.9649	7442.9620
41	stage_2	1	43.62	50.081	50.081	70.106	50.182	30.115	69.996	0.98	142.1527	7585.1227
42	stage_2	1	44.57	50.081	50.081	70.106	50.182	30.115	69.996	0.98	142.1317	7727.2623
43	stage_2	1	44.06	50.081	50.081	70.106	50.182	30.115	69.996	0.98	142.3346	7869.6054
44	stage_2	1	43.95	50.081	50.081	70.106	50.182	30.115	69.996	0.98	141.9909	8011.6057
45	stage_2	1	43.69	50.081	50.081	70.106	50.182	30.115	69.996	0.98	143.0190	8154.6326
46	stage_2	1	43.93	50.081	50.081	70.106	50.182	30.115	69.996	0.98	141.6724	8296.3131
47	stage_2	1	44.25	50.081	50.081	70.106	50.182	30.115	69.996	0.98	141.6057	8437.9278
48	stage_2	1	43.8	50.081	50.081	70.106	50.182	30.115	69.996	0.98	143.4060	8581.3421
49	stage_2	1	43.51	50.081	50.081	70.106	50.182	30.115	69.996	0.98	144.1666	8725.5173
50	stage_2	1	43.81	50.081	50.081	70.106	50.182	30.115	69.996	0.98	143.4289	8868.9547
51	stage_2	1	43.54	50.081	50.081	70.106	50.182	30.115	69.996	0.98	141.9648	9010.9280
52	stage_2	1	43.59	50.081	50.081	70.106	50.182	30.115	69.996	0.98	142.5525	9153.4889
53	stage_2	1	43.86	50.081	50.081	70.106	50.182	30.115	69.996	0.98	140.8949	9294.3925
54	stage_2	1	44.2	50.081	50.081	70.106	50.182	30.115	69.996	0.98	141.6629	9436.0642
55	stage_2	1	43.36	50.081	50.081	70.106	50.182	30.115	69.996	0.98	141.0352	9577.1078
56	stage_2	1	43.73	50.081	50.081	70.106	50.182	30.115	69.996	0.98	142.5233	9719.6395
57	stage_2	1	44.24	50.081	50.081	70.106	50.182	30.115	69.996	0.98	169.1495	9888.7972
58	stage_3	2	49.09	50.73	50.73	60.868	51.091	40.88	59.994	0.99	127.4430	10016.2488
59	stage_3	2	45.89	50.73	50.73	60.868	51.091	40.88	59.994	0.99	127.1019	10143.3590
60	stage_3	2	44.91	50.73	50.73	60.868	51.091	40.88	59.994	0.99	127.2613	10270.6300
61	stage_3	2	45.27	50.73	50.73	60.868	51.091	40.88	59.994	0.99	127.6794	10398.3205
62	stage_3	2	45.18	50.73	50.73	60.868	51.091	40.88	59.994	0.99	129.3137	10527.6439
63	stage_3	2	45.3	50.73	50.73	60.868	51.091	40.88	59.994	0.99	127.2053	10654.8600
64	stage_3	2	45.37	50.73	50.73	60.868	51.091	40.88	59.994	0.99	128.0489	10782.9185
65	stage_3	2	45.6	50.73	50.73	60.868	51.091	40.88	59.994	0.99	128.2979	10911.2269
66	stage_3	2	45.47	50.73	50.73	60.868	51.091	40.88	59.994	0.99	128.1631	11039.4024
67	stage_3	2	45.99	50.73	50.73	60.868	51.091	40.88	59.994	0.99	128.0010	11167.4153
68	stage_3	2	46.28	50.73	50.73	60.868	51.091	40.88	59.994	0.99	126.3183	11293.7445
69	stage_3	2	46.35	50.73	50.73	60.868	51.091	40.88	59.994	0.99	127.8427	11421.5968
70	stage_3	2	46.68	50.73	50.73	60.868	51.091	40.88	59.994	0.99	127.3198	11548.9285
71	stage_3	2	46.73	50.73	50.73	60.868	51.091	40.88	59.994	0.99	128.1468	11677.0847
72	stage_3	2	46.48	50.73	50.73	60.868	51.091	40.88	59.994	0.99	126.6561	11803.7516
73	stage_3	2	46.43	50.73	50.73	60.868	51.091	40.88	59.994	0.99	130.5917	11934.3538
74	stage_3	2	46.34	50.73	50.73	60.868	51.091	40.88	59.994	0.99	127.4323	12061.7969
75	stage_3	2	46.49	50.73	50.73	60.868	51.091	40.88	59.994	0.99	127.0356	12188.8432
76	stage_3	2	46.83	50.73	50.73	60.868	51.091	40.88	59.994	0.99	143.0875	12331.9421
77	stage_4	3	49.41	48.989	48.989	48.984	48.984	48.989	49.998	0.995	110.1416	12442.0943
78	stage_4	3	45.9	48.989	48.989	48.984	48.984	48.989	49.998	0.995	114.5055	12556.6121
79	stage_4	3	45.73	48.989	48.989	48.984	48.984	48.989	49.998	0.995	117.2949	12673.9152
80	stage_4	3	45.41	48.989	48.989	48.984	48.984	48.989	49.998	0.995	116.0195	12789.9442
81	stage_4	3	45.54	48.989	48.989	48.984	48.984	48.989	49.998	0.995	114.5776	12904.5301
82	stage_4	3	45.52	48.989	48.989	48.984	48.984	48.989	49.998	0.995	117.4701	13022.0108
83	stage_4	3	45.99	48.989	48.989	48.984	48.984	48.989	49.998	0.995	114.9174	13136.9366
84	stage_4	3	46.26	48.989	48.989	48.984	48.984	48.989	49.998	0.995	115.1579	13252.1063
85	stage_4	3	46.11	48.989	48.989	48.984	48.984	48.989	49.998	0.995	116.8150	13368.9296
86	stage_4	3	46.11	48.989	48.989	48.984	48.984	48.989	49.998	0.995	116.2489	13485.1891
87	stage_4	3	46.16	48.989	48.989	48.984	48.984	48.989	49.998	0.995	115.0867	13600.2841
88	stage_4	3	46.72	48.989	48.989	48.984	48.984	48.989	49.998	0.995	114.7311	13715.0247
89	stage_4	3	46.43	48.989	48.989	48.984	48.984	48.989	49.998	0.995	115.4687	13830.5018
90	stage_4	3	47.03	48.989	48.989	48.984	48.984	48.989	49.998	0.995	113.8783	13944.3910
91	stage_4	3	46.81	48.989	48.989	48.984	48.984	48.989	49.998	0.995	115.9895	14060.3890
92	stage_4	3	46.83	48.989	48.989	48.984	48.984	48.989	49.998	0.995	117.2068	14177.6080
93	stage_4	3	46.82	48.989	48.989	48.984	48.984	48.989	49.998	0.995	116.7193	14294.3356
94	stage_4	3	47.33	48.989	48.989	48.984	48.984	48.989	49.998	0.995	115.0756	14409.4223
95	stage_4	3	47.16	48.989	48.989	48.984	48.984	48.989	49.998	0.995	115.6436	14525.0754
