epoch	phase	stage	acc	stage_pure	clean_precision	clean_recall	noisy_precision	noisy_recall	keep_ratio	avg_teacher_similarity	round_time_sec	total_time_sec
0	warmup	warmup	23.72	None	None	None	None	None	None	None	80.9351	80.9420
1	warmup	warmup	48.02	None	None	None	None	None	None	None	78.4073	159.3594
2	warmup	warmup	70.1	None	None	None	None	None	None	None	79.0096	238.3826
3	warmup	warmup	76.2	None	None	None	None	None	None	None	79.1713	317.5619
4	warmup	warmup	79.69	None	None	None	None	None	None	None	77.5472	395.1184
5	warmup	warmup	81.88	None	None	None	None	None	None	None	77.5690	472.6955
6	warmup	warmup	83.17	None	None	None	None	None	None	None	88.2338	560.9368
7	warmup	warmup	84.14	None	None	None	None	None	None	None	185.0605	746.0130
8	stage_1	0	69.99	94.432	94.432	80.923	66.615	88.862	59.994	0.986	65.2459	811.2687
9	stage_1	0	78.99	94.432	94.432	80.923	66.615	88.862	59.994	0.986	65.0181	876.2943
10	stage_1	0	80.6	94.432	94.432	80.923	66.615	88.862	59.994	0.986	65.0271	941.3290
11	stage_1	0	81.63	94.432	94.432	80.923	66.615	88.862	59.994	0.986	66.2135	1007.5499
12	stage_1	0	82.38	94.432	94.432	80.923	66.615	88.862	59.994	0.986	66.2447	1073.8022
13	stage_1	0	82.41	94.432	94.432	80.923	66.615	88.862	59.994	0.986	62.4979	1136.3075
14	stage_1	0	83.02	94.432	94.432	80.923	66.615	88.862	59.994	0.986	60.5803	1196.8955
15	stage_1	0	82.98	94.432	94.432	80.923	66.615	88.862	59.994	0.986	60.1264	1257.0352
16	stage_1	0	83.17	94.432	94.432	80.923	66.615	88.862	59.994	0.986	60.9913	1318.0730
17	stage_1	0	83.6	94.432	94.432	80.923	66.615	88.862	59.994	0.986	61.9411	1380.0232
18	stage_1	0	84.16	94.432	94.432	80.923	66.615	88.862	59.994	0.986	60.4679	1440.4990
19	stage_1	0	84.83	94.432	94.432	80.923	66.615	88.862	59.994	0.986	60.6732	1501.1800
20	stage_1	0	85.35	94.432	94.432	80.923	66.615	88.862	59.994	0.986	63.1569	1564.3448
21	stage_1	0	84.45	94.432	94.432	80.923	66.615	88.862	59.994	0.986	60.3251	1624.6780
22	stage_1	0	85.43	94.432	94.432	80.923	66.615	88.862	59.994	0.986	59.7045	1684.3909
23	stage_1	0	85.58	94.432	94.432	80.923	66.615	88.862	59.994	0.986	60.0168	1744.4143
24	stage_1	0	85.47	94.432	94.432	80.923	66.615	88.862	59.994	0.986	60.3647	1804.7880
25	stage_1	0	85.96	94.432	94.432	80.923	66.615	88.862	59.994	0.986	60.6895	1865.4880
26	stage_1	0	85.94	94.432	94.432	80.923	66.615	88.862	59.994	0.986	61.4769	1926.9728
27	stage_1	0	86.11	94.432	94.432	80.923	66.615	88.862	59.994	0.986	60.8443	1987.8255
28	stage_1	0	86.04	94.432	94.432	80.923	66.615	88.862	59.994	0.986	61.4521	2049.2856
29	stage_1	0	86.77	94.432	94.432	80.923	66.615	88.862	59.994	0.986	129.1651	2178.4592
30	stage_2	1	86.64	97.513	97.513	83.563	71.236	95.025	59.994	0.981	60.5693	2239.0367
31	stage_2	1	87.62	97.513	97.513	83.563	71.236	95.025	59.994	0.981	61.4004	2300.4453
32	stage_2	1	87.91	97.513	97.513	83.563	71.236	95.025	59.994	0.981	60.8654	2361.3184
33	stage_2	1	87.8	97.513	97.513	83.563	71.236	95.025	59.994	0.981	60.6291	2421.9554
34	stage_2	1	88.27	97.513	97.513	83.563	71.236	95.025	59.994	0.981	60.3007	2482.2644
35	stage_2	1	88.32	97.513	97.513	83.563	71.236	95.025	59.994	0.981	60.5699	2542.8422
36	stage_2	1	88.8	97.513	97.513	83.563	71.236	95.025	59.994	0.981	59.9622	2602.8131
37	stage_2	1	88.74	97.513	97.513	83.563	71.236	95.025	59.994	0.981	61.1040	2663.9262
38	stage_2	1	88.59	97.513	97.513	83.563	71.236	95.025	59.994	0.981	61.7301	2725.6674
39	stage_2	1	88.77	97.513	97.513	83.563	71.236	95.025	59.994	0.981	60.7424	2786.4202
40	stage_2	1	88.73	97.513	97.513	83.563	71.236	95.025	59.994	0.981	60.8215	2847.2510
41	stage_2	1	89.3	97.513	97.513	83.563	71.236	95.025	59.994	0.981	60.4734	2907.7327
42	stage_2	1	89.17	97.513	97.513	83.563	71.236	95.025	59.994	0.981	59.5799	2967.3231
43	stage_2	1	89.09	97.513	97.513	83.563	71.236	95.025	59.994	0.981	61.7100	3029.0399
44	stage_2	1	89.11	97.513	97.513	83.563	71.236	95.025	59.994	0.981	61.2297	3090.2811
45	stage_2	1	89.41	97.513	97.513	83.563	71.236	95.025	59.994	0.981	60.9448	3151.2324
46	stage_2	1	89.57	97.513	97.513	83.563	71.236	95.025	59.994	0.981	60.4998	3211.7388
47	stage_2	1	89.22	97.513	97.513	83.563	71.236	95.025	59.994	0.981	60.5609	3272.3127
48	stage_2	1	89.22	97.513	97.513	83.563	71.236	95.025	59.994	0.981	61.2473	3333.5670
49	stage_2	1	89.46	97.513	97.513	83.563	71.236	95.025	59.994	0.981	62.0925	3395.6668
50	stage_2	1	89.63	97.513	97.513	83.563	71.236	95.025	59.994	0.981	61.2865	3456.9599
51	stage_2	1	89.65	97.513	97.513	83.563	71.236	95.025	59.994	0.981	110.6011	3567.5678
52	stage_3	2	89.42	97.527	97.527	83.575	71.256	95.052	59.994	0.982	61.0445	3628.6197
53	stage_3	2	89.03	97.527	97.527	83.575	71.256	95.052	59.994	0.982	60.9936	3689.6202
54	stage_3	2	89.29	97.527	97.527	83.575	71.256	95.052	59.994	0.982	60.0924	3749.7193
55	stage_3	2	89.3	97.527	97.527	83.575	71.256	95.052	59.994	0.982	61.1967	3810.9226
56	stage_3	2	89.15	97.527	97.527	83.575	71.256	95.052	59.994	0.982	60.4981	3871.4284
57	stage_3	2	89.08	97.527	97.527	83.575	71.256	95.052	59.994	0.982	60.1427	3931.5787
58	stage_3	2	89.66	97.527	97.527	83.575	71.256	95.052	59.994	0.982	61.0787	3992.6648
59	stage_3	2	89.51	97.527	97.527	83.575	71.256	95.052	59.994	0.982	65.5479	4058.2234
60	stage_3	2	89.25	97.527	97.527	83.575	71.256	95.052	59.994	0.982	65.0946	4123.3262
61	stage_3	2	89.29	97.527	97.527	83.575	71.256	95.052	59.994	0.982	61.6445	4184.9787
62	stage_3	2	89.79	97.527	97.527	83.575	71.256	95.052	59.994	0.982	63.5874	4248.5750
63	stage_3	2	89.59	97.527	97.527	83.575	71.256	95.052	59.994	0.982	60.0868	4308.6701
64	stage_3	2	90.07	97.527	97.527	83.575	71.256	95.052	59.994	0.982	59.3312	4368.0092
65	stage_3	2	89.95	97.527	97.527	83.575	71.256	95.052	59.994	0.982	61.2074	4429.2234
66	stage_3	2	89.77	97.527	97.527	83.575	71.256	95.052	59.994	0.982	60.9254	4490.1568
67	stage_3	2	89.58	97.527	97.527	83.575	71.256	95.052	59.994	0.982	60.1240	4550.2893
68	stage_3	2	89.78	97.527	97.527	83.575	71.256	95.052	59.994	0.982	60.4139	4610.7112
69	stage_3	2	89.87	97.527	97.527	83.575	71.256	95.052	59.994	0.982	60.5507	4671.2701
70	stage_3	2	89.78	97.527	97.527	83.575	71.256	95.052	59.994	0.982	60.5179	4731.7946
71	stage_3	2	89.7	97.527	97.527	83.575	71.256	95.052	59.994	0.982	64.1985	4795.9997
72	stage_3	2	89.97	97.527	97.527	83.575	71.256	95.052	59.994	0.982	63.0468	4859.0549
73	stage_3	2	89.91	97.527	97.527	83.575	71.256	95.052	59.994	0.982	92.8658	4951.9463
74	stage_4	3	89.18	97.185	97.185	83.282	70.744	94.37	59.994	0.983	61.3327	5013.2873
75	stage_4	3	89.35	97.185	97.185	83.282	70.744	94.37	59.994	0.983	64.4711	5077.7677
76	stage_4	3	89.33	97.185	97.185	83.282	70.744	94.37	59.994	0.983	63.5211	5141.2974
77	stage_4	3	88.89	97.185	97.185	83.282	70.744	94.37	59.994	0.983	61.7879	5203.0938
78	stage_4	3	89.25	97.185	97.185	83.282	70.744	94.37	59.994	0.983	61.6233	5264.7263
79	stage_4	3	89.01	97.185	97.185	83.282	70.744	94.37	59.994	0.983	58.9963	5323.7320
80	stage_4	3	89.31	97.185	97.185	83.282	70.744	94.37	59.994	0.983	59.9279	5383.6692
81	stage_4	3	88.91	97.185	97.185	83.282	70.744	94.37	59.994	0.983	61.3114	5444.9916
82	stage_4	3	89.16	97.185	97.185	83.282	70.744	94.37	59.994	0.983	59.6919	5504.6943
83	stage_4	3	89.22	97.185	97.185	83.282	70.744	94.37	59.994	0.983	59.9511	5564.6524
84	stage_4	3	89.27	97.185	97.185	83.282	70.744	94.37	59.994	0.983	60.9405	5625.6036
85	stage_4	3	89.19	97.185	97.185	83.282	70.744	94.37	59.994	0.983	62.8949	5688.5084
86	stage_4	3	89.19	97.185	97.185	83.282	70.744	94.37	59.994	0.983	59.8607	5748.3784
87	stage_4	3	89.44	97.185	97.185	83.282	70.744	94.37	59.994	0.983	59.9105	5808.2961
88	stage_4	3	88.92	97.185	97.185	83.282	70.744	94.37	59.994	0.983	59.7468	5868.0529
89	stage_4	3	89.32	97.185	97.185	83.282	70.744	94.37	59.994	0.983	60.3959	5928.4589
90	stage_4	3	89.35	97.185	97.185	83.282	70.744	94.37	59.994	0.983	61.1842	5989.6512
91	stage_4	3	89.02	97.185	97.185	83.282	70.744	94.37	59.994	0.983	61.5408	6051.2007
92	stage_4	3	89.06	97.185	97.185	83.282	70.744	94.37	59.994	0.983	63.3129	6114.5226
93	stage_4	3	88.76	97.185	97.185	83.282	70.744	94.37	59.994	0.983	61.0401	6175.5713
94	stage_4	3	89.21	97.185	97.185	83.282	70.744	94.37	59.994	0.983	56.1653	6231.7456
95	stage_4	3	89.24	97.185	97.185	83.282	70.744	94.37	59.994	0.983	48.5274	6280.2805
