epoch	phase	stage	acc	stage_pure	clean_precision	clean_recall	noisy_precision	noisy_recall	keep_ratio	avg_teacher_similarity	round_time_sec	total_time_sec
0	warmup	warmup	1.0	None	None	None	None	None	None	None	67.0354	67.0423
1	warmup	warmup	1.69	None	None	None	None	None	None	None	63.3558	130.4124
2	warmup	warmup	3.87	None	None	None	None	None	None	None	62.2293	192.6481
3	warmup	warmup	7.11	None	None	None	None	None	None	None	62.3305	254.9863
4	warmup	warmup	8.93	None	None	None	None	None	None	None	62.6768	317.6702
5	warmup	warmup	10.24	None	None	None	None	None	None	None	62.2196	379.8965
6	warmup	warmup	11.02	None	None	None	None	None	None	None	62.2406	442.1439
7	warmup	warmup	11.63	None	None	None	None	None	None	None	138.8487	581.0020
8	stage_1	0	10.35	82.827	82.827	70.994	49.24	65.653	60.0	0.953	45.6024	626.6114
9	stage_1	0	12.6	82.827	82.827	70.994	49.24	65.653	60.0	0.953	45.3620	671.9810
10	stage_1	0	13.67	82.827	82.827	70.994	49.24	65.653	60.0	0.953	45.3595	717.3471
11	stage_1	0	14.72	82.827	82.827	70.994	49.24	65.653	60.0	0.953	45.3684	762.7415
12	stage_1	0	16.04	82.827	82.827	70.994	49.24	65.653	60.0	0.953	45.1881	807.9400
13	stage_1	0	16.2	82.827	82.827	70.994	49.24	65.653	60.0	0.953	44.8793	852.8407
14	stage_1	0	16.36	82.827	82.827	70.994	49.24	65.653	60.0	0.953	46.0277	898.9096
15	stage_1	0	17.36	82.827	82.827	70.994	49.24	65.653	60.0	0.953	45.0271	943.9727
16	stage_1	0	17.99	82.827	82.827	70.994	49.24	65.653	60.0	0.953	44.9417	988.9395
17	stage_1	0	18.71	82.827	82.827	70.994	49.24	65.653	60.0	0.953	45.2031	1034.1692
18	stage_1	0	19.07	82.827	82.827	70.994	49.24	65.653	60.0	0.953	44.9124	1079.1026
19	stage_1	0	19.63	82.827	82.827	70.994	49.24	65.653	60.0	0.953	45.1677	1124.2989
20	stage_1	0	19.52	82.827	82.827	70.994	49.24	65.653	60.0	0.953	45.5366	1169.8588
21	stage_1	0	20.82	82.827	82.827	70.994	49.24	65.653	60.0	0.953	45.7566	1215.6317
22	stage_1	0	21.16	82.827	82.827	70.994	49.24	65.653	60.0	0.953	45.1374	1260.7832
23	stage_1	0	21.63	82.827	82.827	70.994	49.24	65.653	60.0	0.953	45.3203	1306.1423
24	stage_1	0	21.88	82.827	82.827	70.994	49.24	65.653	60.0	0.953	45.1804	1351.3327
25	stage_1	0	22.59	82.827	82.827	70.994	49.24	65.653	60.0	0.953	45.3753	1396.7310
26	stage_1	0	22.96	82.827	82.827	70.994	49.24	65.653	60.0	0.953	45.1757	1441.9335
27	stage_1	0	22.97	82.827	82.827	70.994	49.24	65.653	60.0	0.953	45.0769	1487.0399
28	stage_1	0	24.04	82.827	82.827	70.994	49.24	65.653	60.0	0.953	45.3207	1532.3854
29	stage_1	0	23.88	82.827	82.827	70.994	49.24	65.653	60.0	0.953	101.6555	1634.0506
30	stage_2	1	24.58	88.853	88.853	76.16	58.28	77.707	60.0	0.982	45.6127	1679.6758
31	stage_2	1	25.26	88.853	88.853	76.16	58.28	77.707	60.0	0.982	45.3751	1725.0730
32	stage_2	1	26.19	88.853	88.853	76.16	58.28	77.707	60.0	0.982	44.9524	1770.0438
33	stage_2	1	26.59	88.853	88.853	76.16	58.28	77.707	60.0	0.982	44.9631	1815.0276
34	stage_2	1	26.83	88.853	88.853	76.16	58.28	77.707	60.0	0.982	45.1060	1860.1525
35	stage_2	1	27.48	88.853	88.853	76.16	58.28	77.707	60.0	0.982	44.7773	1904.9403
36	stage_2	1	27.9	88.853	88.853	76.16	58.28	77.707	60.0	0.982	45.3155	1950.3035
37	stage_2	1	29.05	88.853	88.853	76.16	58.28	77.707	60.0	0.982	45.1640	1995.4924
38	stage_2	1	28.99	88.853	88.853	76.16	58.28	77.707	60.0	0.982	45.0142	2040.5249
39	stage_2	1	29.12	88.853	88.853	76.16	58.28	77.707	60.0	0.982	44.7069	2085.2498
40	stage_2	1	30.03	88.853	88.853	76.16	58.28	77.707	60.0	0.982	44.7957	2130.0795
41	stage_2	1	29.91	88.853	88.853	76.16	58.28	77.707	60.0	0.982	45.4366	2175.5500
42	stage_2	1	29.96	88.853	88.853	76.16	58.28	77.707	60.0	0.982	45.4727	2221.0379
43	stage_2	1	30.84	88.853	88.853	76.16	58.28	77.707	60.0	0.982	45.4846	2266.5472
44	stage_2	1	30.91	88.853	88.853	76.16	58.28	77.707	60.0	0.982	45.2872	2311.8462
45	stage_2	1	31.42	88.853	88.853	76.16	58.28	77.707	60.0	0.982	45.5870	2357.4569
46	stage_2	1	31.83	88.853	88.853	76.16	58.28	77.707	60.0	0.982	45.4486	2402.9251
47	stage_2	1	31.86	88.853	88.853	76.16	58.28	77.707	60.0	0.982	45.1744	2448.1273
48	stage_2	1	32.32	88.853	88.853	76.16	58.28	77.707	60.0	0.982	45.4267	2493.5893
49	stage_2	1	32.9	88.853	88.853	76.16	58.28	77.707	60.0	0.982	45.1966	2538.8072
50	stage_2	1	32.83	88.853	88.853	76.16	58.28	77.707	60.0	0.982	45.3191	2584.1596
51	stage_2	1	33.25	88.853	88.853	76.16	58.28	77.707	60.0	0.982	84.3456	2668.5345
52	stage_3	2	34.11	90.46	90.46	77.537	60.69	80.92	60.0	0.989	45.1530	2713.7306
53	stage_3	2	34.18	90.46	90.46	77.537	60.69	80.92	60.0	0.989	45.9907	2759.7457
54	stage_3	2	34.84	90.46	90.46	77.537	60.69	80.92	60.0	0.989	44.7545	2804.5245
55	stage_3	2	35.7	90.46	90.46	77.537	60.69	80.92	60.0	0.989	45.0115	2849.5526
56	stage_3	2	35.33	90.46	90.46	77.537	60.69	80.92	60.0	0.989	45.4666	2895.0288
57	stage_3	2	36.34	90.46	90.46	77.537	60.69	80.92	60.0	0.989	44.9896	2940.0340
58	stage_3	2	36.21	90.46	90.46	77.537	60.69	80.92	60.0	0.989	45.1293	2985.1814
59	stage_3	2	36.8	90.46	90.46	77.537	60.69	80.92	60.0	0.989	45.7489	3030.9407
60	stage_3	2	37.39	90.46	90.46	77.537	60.69	80.92	60.0	0.989	45.1955	3076.2013
61	stage_3	2	37.28	90.46	90.46	77.537	60.69	80.92	60.0	0.989	45.1287	3121.3672
62	stage_3	2	37.46	90.46	90.46	77.537	60.69	80.92	60.0	0.989	46.2852	3167.7026
63	stage_3	2	37.62	90.46	90.46	77.537	60.69	80.92	60.0	0.989	45.5274	3213.2560
64	stage_3	2	38.01	90.46	90.46	77.537	60.69	80.92	60.0	0.989	45.0907	3258.3764
65	stage_3	2	38.73	90.46	90.46	77.537	60.69	80.92	60.0	0.989	45.2622	3303.6844
66	stage_3	2	38.76	90.46	90.46	77.537	60.69	80.92	60.0	0.989	44.9315	3348.6453
67	stage_3	2	39.05	90.46	90.46	77.537	60.69	80.92	60.0	0.989	45.0925	3393.7601
68	stage_3	2	39.73	90.46	90.46	77.537	60.69	80.92	60.0	0.989	45.5571	3439.3552
69	stage_3	2	39.83	90.46	90.46	77.537	60.69	80.92	60.0	0.989	45.1942	3484.5648
70	stage_3	2	39.59	90.46	90.46	77.537	60.69	80.92	60.0	0.989	44.7155	3529.3284
71	stage_3	2	40.33	90.46	90.46	77.537	60.69	80.92	60.0	0.989	45.8445	3575.2153
72	stage_3	2	40.82	90.46	90.46	77.537	60.69	80.92	60.0	0.989	45.2691	3620.5043
73	stage_3	2	40.87	90.46	90.46	77.537	60.69	80.92	60.0	0.989	68.5144	3689.0541
74	stage_4	3	41.41	91.5	91.5	78.429	62.25	83.0	60.0	0.99	45.6813	3734.7468
75	stage_4	3	41.64	91.5	91.5	78.429	62.25	83.0	60.0	0.99	45.5343	3780.3025
76	stage_4	3	41.94	91.5	91.5	78.429	62.25	83.0	60.0	0.99	45.2352	3825.5496
77	stage_4	3	42.26	91.5	91.5	78.429	62.25	83.0	60.0	0.99	45.1686	3870.7298
78	stage_4	3	42.71	91.5	91.5	78.429	62.25	83.0	60.0	0.99	45.2631	3916.0131
79	stage_4	3	42.5	91.5	91.5	78.429	62.25	83.0	60.0	0.99	44.9912	3961.0245
80	stage_4	3	43.28	91.5	91.5	78.429	62.25	83.0	60.0	0.99	45.3566	4006.4035
81	stage_4	3	43.36	91.5	91.5	78.429	62.25	83.0	60.0	0.99	45.3387	4051.7788
82	stage_4	3	43.05	91.5	91.5	78.429	62.25	83.0	60.0	0.99	45.2311	4097.0559
83	stage_4	3	43.88	91.5	91.5	78.429	62.25	83.0	60.0	0.99	45.2367	4142.3153
84	stage_4	3	44.26	91.5	91.5	78.429	62.25	83.0	60.0	0.99	45.1703	4187.5173
85	stage_4	3	44.21	91.5	91.5	78.429	62.25	83.0	60.0	0.99	45.0352	4232.5710
86	stage_4	3	44.22	91.5	91.5	78.429	62.25	83.0	60.0	0.99	45.1627	4277.7449
87	stage_4	3	44.5	91.5	91.5	78.429	62.25	83.0	60.0	0.99	45.3829	4323.1735
88	stage_4	3	45.02	91.5	91.5	78.429	62.25	83.0	60.0	0.99	45.3128	4368.5029
89	stage_4	3	45.0	91.5	91.5	78.429	62.25	83.0	60.0	0.99	45.5320	4414.0872
90	stage_4	3	44.89	91.5	91.5	78.429	62.25	83.0	60.0	0.99	45.2175	4459.3370
91	stage_4	3	45.54	91.5	91.5	78.429	62.25	83.0	60.0	0.99	45.1706	4504.5544
92	stage_4	3	45.75	91.5	91.5	78.429	62.25	83.0	60.0	0.99	44.9596	4549.5294
93	stage_4	3	45.99	91.5	91.5	78.429	62.25	83.0	60.0	0.99	44.9749	4594.5358
94	stage_4	3	45.9	91.5	91.5	78.429	62.25	83.0	60.0	0.99	45.1830	4639.7384
95	stage_4	3	46.29	91.5	91.5	78.429	62.25	83.0	60.0	0.99	37.4025	4677.1672
