epoch	phase	stage	acc	stage_pure	clean_precision	clean_recall	noisy_precision	noisy_recall	keep_ratio	avg_teacher_similarity	round_time_sec	total_time_sec
0	warmup	warmup	10.0	None	None	None	None	None	None	None	48.9502	48.9571
1	warmup	warmup	19.11	None	None	None	None	None	None	None	48.5767	97.7711
2	warmup	warmup	28.99	None	None	None	None	None	None	None	51.3968	149.1742
3	warmup	warmup	32.98	None	None	None	None	None	None	None	48.4439	197.6248
4	warmup	warmup	37.21	None	None	None	None	None	None	None	48.9128	246.5458
5	warmup	warmup	37.72	None	None	None	None	None	None	None	48.9238	295.4775
6	warmup	warmup	41.2	None	None	None	None	None	None	None	49.2071	344.6906
7	warmup	warmup	42.15	None	None	None	None	None	None	None	110.9158	455.6140
8	stage_1	0	34.83	80.187	80.187	68.731	45.28	60.373	60.0	0.979	37.2690	492.8895
9	stage_1	0	39.28	80.187	80.187	68.731	45.28	60.373	60.0	0.979	36.7976	529.6937
10	stage_1	0	40.88	80.187	80.187	68.731	45.28	60.373	60.0	0.979	36.6582	566.3582
11	stage_1	0	41.68	80.187	80.187	68.731	45.28	60.373	60.0	0.979	37.2178	603.5837
12	stage_1	0	42.49	80.187	80.187	68.731	45.28	60.373	60.0	0.979	36.6753	640.2653
13	stage_1	0	43.45	80.187	80.187	68.731	45.28	60.373	60.0	0.979	36.8768	677.3253
14	stage_1	0	45.29	80.187	80.187	68.731	45.28	60.373	60.0	0.979	38.1531	715.4852
15	stage_1	0	45.84	80.187	80.187	68.731	45.28	60.373	60.0	0.979	37.1211	752.6135
16	stage_1	0	45.37	80.187	80.187	68.731	45.28	60.373	60.0	0.979	36.7679	789.3878
17	stage_1	0	46.02	80.187	80.187	68.731	45.28	60.373	60.0	0.979	36.8563	826.2535
18	stage_1	0	47.77	80.187	80.187	68.731	45.28	60.373	60.0	0.979	36.9346	863.1960
19	stage_1	0	47.76	80.187	80.187	68.731	45.28	60.373	60.0	0.979	36.6214	899.8253
20	stage_1	0	48.04	80.187	80.187	68.731	45.28	60.373	60.0	0.979	34.4067	934.2466
21	stage_1	0	48.75	80.187	80.187	68.731	45.28	60.373	60.0	0.979	35.3200	969.5910
22	stage_1	0	48.85	80.187	80.187	68.731	45.28	60.373	60.0	0.979	36.7936	1006.4126
23	stage_1	0	49.88	80.187	80.187	68.731	45.28	60.373	60.0	0.979	36.3221	1042.7541
24	stage_1	0	49.37	80.187	80.187	68.731	45.28	60.373	60.0	0.979	36.2298	1078.9961
25	stage_1	0	51.5	80.187	80.187	68.731	45.28	60.373	60.0	0.979	36.8111	1115.8232
26	stage_1	0	52.38	80.187	80.187	68.731	45.28	60.373	60.0	0.979	37.3828	1153.2279
27	stage_1	0	50.81	80.187	80.187	68.731	45.28	60.373	60.0	0.979	36.8092	1190.0869
28	stage_1	0	51.64	80.187	80.187	68.731	45.28	60.373	60.0	0.979	36.5374	1226.6453
29	stage_1	0	52.79	80.187	80.187	68.731	45.28	60.373	60.0	0.979	83.6985	1310.3546
30	stage_2	1	51.85	87.287	87.287	74.817	55.93	74.573	60.0	0.978	36.4485	1346.8179
31	stage_2	1	53.87	87.287	87.287	74.817	55.93	74.573	60.0	0.978	36.3887	1383.2343
32	stage_2	1	54.53	87.287	87.287	74.817	55.93	74.573	60.0	0.978	36.7283	1419.9937
33	stage_2	1	55.79	87.287	87.287	74.817	55.93	74.573	60.0	0.978	36.6968	1456.7145
34	stage_2	1	55.84	87.287	87.287	74.817	55.93	74.573	60.0	0.978	36.6001	1493.3377
35	stage_2	1	56.79	87.287	87.287	74.817	55.93	74.573	60.0	0.978	36.7704	1530.1271
36	stage_2	1	57.32	87.287	87.287	74.817	55.93	74.573	60.0	0.978	36.7195	1566.8677
37	stage_2	1	57.64	87.287	87.287	74.817	55.93	74.573	60.0	0.978	36.6979	1603.5786
38	stage_2	1	58.73	87.287	87.287	74.817	55.93	74.573	60.0	0.978	36.9183	1640.5414
39	stage_2	1	58.98	87.287	87.287	74.817	55.93	74.573	60.0	0.978	36.6853	1677.2372
40	stage_2	1	58.68	87.287	87.287	74.817	55.93	74.573	60.0	0.978	37.4270	1714.6949
41	stage_2	1	60.17	87.287	87.287	74.817	55.93	74.573	60.0	0.978	37.3801	1752.0914
42	stage_2	1	58.7	87.287	87.287	74.817	55.93	74.573	60.0	0.978	34.0132	1786.1500
43	stage_2	1	60.13	87.287	87.287	74.817	55.93	74.573	60.0	0.978	35.9359	1822.1088
44	stage_2	1	60.82	87.287	87.287	74.817	55.93	74.573	60.0	0.978	38.0113	1860.1633
45	stage_2	1	61.38	87.287	87.287	74.817	55.93	74.573	60.0	0.978	36.6806	1896.8624
46	stage_2	1	61.01	87.287	87.287	74.817	55.93	74.573	60.0	0.978	36.6528	1933.5329
47	stage_2	1	60.94	87.287	87.287	74.817	55.93	74.573	60.0	0.978	36.5887	1970.1388
48	stage_2	1	61.3	87.287	87.287	74.817	55.93	74.573	60.0	0.978	36.7510	2006.9132
49	stage_2	1	62.55	87.287	87.287	74.817	55.93	74.573	60.0	0.978	37.0288	2043.9886
50	stage_2	1	62.17	87.287	87.287	74.817	55.93	74.573	60.0	0.978	37.0268	2081.0557
51	stage_2	1	62.52	87.287	87.287	74.817	55.93	74.573	60.0	0.978	71.8339	2152.9089
52	stage_3	2	66.74	90.037	90.037	77.174	60.055	80.073	60.0	0.977	35.8286	2188.7497
53	stage_3	2	67.46	90.037	90.037	77.174	60.055	80.073	60.0	0.977	36.6233	2225.3820
54	stage_3	2	67.46	90.037	90.037	77.174	60.055	80.073	60.0	0.977	36.4578	2261.8559
55	stage_3	2	67.36	90.037	90.037	77.174	60.055	80.073	60.0	0.977	36.9192	2298.7920
56	stage_3	2	68.22	90.037	90.037	77.174	60.055	80.073	60.0	0.977	36.4963	2335.2975
57	stage_3	2	67.82	90.037	90.037	77.174	60.055	80.073	60.0	0.977	36.9413	2372.2496
58	stage_3	2	69.14	90.037	90.037	77.174	60.055	80.073	60.0	0.977	37.7739	2410.0305
59	stage_3	2	69.25	90.037	90.037	77.174	60.055	80.073	60.0	0.977	36.7392	2446.7981
60	stage_3	2	68.09	90.037	90.037	77.174	60.055	80.073	60.0	0.977	37.0468	2483.8548
61	stage_3	2	69.77	90.037	90.037	77.174	60.055	80.073	60.0	0.977	36.9546	2520.8242
62	stage_3	2	68.61	90.037	90.037	77.174	60.055	80.073	60.0	0.977	36.5324	2557.3967
63	stage_3	2	69.03	90.037	90.037	77.174	60.055	80.073	60.0	0.977	36.6447	2594.0715
64	stage_3	2	69.95	90.037	90.037	77.174	60.055	80.073	60.0	0.977	31.2621	2625.3701
65	stage_3	2	69.88	90.037	90.037	77.174	60.055	80.073	60.0	0.977	35.4466	2660.8383
66	stage_3	2	70.59	90.037	90.037	77.174	60.055	80.073	60.0	0.977	36.8617	2697.7337
67	stage_3	2	69.64	90.037	90.037	77.174	60.055	80.073	60.0	0.977	37.1857	2734.9361
68	stage_3	2	70.13	90.037	90.037	77.174	60.055	80.073	60.0	0.977	36.9230	2771.8735
69	stage_3	2	70.48	90.037	90.037	77.174	60.055	80.073	60.0	0.977	36.9415	2808.8313
70	stage_3	2	70.75	90.037	90.037	77.174	60.055	80.073	60.0	0.977	37.0513	2845.8946
71	stage_3	2	71.61	90.037	90.037	77.174	60.055	80.073	60.0	0.977	37.3377	2883.2611
72	stage_3	2	70.95	90.037	90.037	77.174	60.055	80.073	60.0	0.977	38.4535	2921.7506
73	stage_3	2	71.28	90.037	90.037	77.174	60.055	80.073	60.0	0.977	69.4119	2991.1732
74	stage_4	3	69.42	90.05	90.05	77.186	60.075	80.1	60.0	0.976	37.7028	3028.8875
75	stage_4	3	70.84	90.05	90.05	77.186	60.075	80.1	60.0	0.976	41.0754	3069.9805
76	stage_4	3	70.85	90.05	90.05	77.186	60.075	80.1	60.0	0.976	41.4667	3111.4649
77	stage_4	3	71.7	90.05	90.05	77.186	60.075	80.1	60.0	0.976	40.3921	3151.8779
78	stage_4	3	71.28	90.05	90.05	77.186	60.075	80.1	60.0	0.976	41.7556	3193.6482
79	stage_4	3	70.4	90.05	90.05	77.186	60.075	80.1	60.0	0.976	41.5774	3235.2332
80	stage_4	3	71.09	90.05	90.05	77.186	60.075	80.1	60.0	0.976	41.6602	3276.9109
81	stage_4	3	71.99	90.05	90.05	77.186	60.075	80.1	60.0	0.976	42.6063	3319.5481
82	stage_4	3	71.69	90.05	90.05	77.186	60.075	80.1	60.0	0.976	41.5001	3361.0746
83	stage_4	3	72.16	90.05	90.05	77.186	60.075	80.1	60.0	0.976	40.9650	3402.0856
84	stage_4	3	72.08	90.05	90.05	77.186	60.075	80.1	60.0	0.976	41.5851	3443.7090
85	stage_4	3	71.89	90.05	90.05	77.186	60.075	80.1	60.0	0.976	39.6573	3483.3849
86	stage_4	3	73.33	90.05	90.05	77.186	60.075	80.1	60.0	0.976	30.3489	3513.7473
87	stage_4	3	72.57	90.05	90.05	77.186	60.075	80.1	60.0	0.976	36.2631	3550.0357
88	stage_4	3	72.8	90.05	90.05	77.186	60.075	80.1	60.0	0.976	40.5276	3590.5756
89	stage_4	3	73.04	90.05	90.05	77.186	60.075	80.1	60.0	0.976	41.1358	3631.7294
90	stage_4	3	72.3	90.05	90.05	77.186	60.075	80.1	60.0	0.976	41.0210	3672.7630
91	stage_4	3	71.63	90.05	90.05	77.186	60.075	80.1	60.0	0.976	46.2018	3718.9891
92	stage_4	3	72.36	90.05	90.05	77.186	60.075	80.1	60.0	0.976	44.8351	3763.8475
93	stage_4	3	73.94	90.05	90.05	77.186	60.075	80.1	60.0	0.976	40.3178	3804.1812
94	stage_4	3	72.84	90.05	90.05	77.186	60.075	80.1	60.0	0.976	40.6464	3844.8386
95	stage_4	3	72.87	90.05	90.05	77.186	60.075	80.1	60.0	0.976	41.0815	3885.9318
