epoch	phase	stage	acc	stage_pure	clean_precision	clean_recall	noisy_precision	noisy_recall	keep_ratio	avg_teacher_similarity	round_time_sec	total_time_sec
0	warmup	warmup	10.0	None	None	None	None	None	None	None	41.8278	41.8348
1	warmup	warmup	16.68	None	None	None	None	None	None	None	39.8955	81.7402
2	warmup	warmup	33.31	None	None	None	None	None	None	None	41.1958	122.9429
3	warmup	warmup	38.59	None	None	None	None	None	None	None	39.3903	162.3423
4	warmup	warmup	39.85	None	None	None	None	None	None	None	36.0476	198.3968
5	warmup	warmup	42.52	None	None	None	None	None	None	None	39.2442	237.6494
6	warmup	warmup	42.4	None	None	None	None	None	None	None	39.5845	277.2424
7	warmup	warmup	44.66	None	None	None	None	None	None	None	95.7929	373.0439
8	stage_1	0	34.7	86.123	86.123	73.82	54.185	72.247	60.0	0.988	33.8866	406.9405
9	stage_1	0	39.88	86.123	86.123	73.82	54.185	72.247	60.0	0.988	33.1073	440.0550
10	stage_1	0	41.39	86.123	86.123	73.82	54.185	72.247	60.0	0.988	33.3762	473.4486
11	stage_1	0	43.22	86.123	86.123	73.82	54.185	72.247	60.0	0.988	33.7335	507.1893
12	stage_1	0	44.81	86.123	86.123	73.82	54.185	72.247	60.0	0.988	32.9312	540.1281
13	stage_1	0	45.55	86.123	86.123	73.82	54.185	72.247	60.0	0.988	31.1515	571.2858
14	stage_1	0	47.1	86.123	86.123	73.82	54.185	72.247	60.0	0.988	33.6750	604.9687
15	stage_1	0	47.17	86.123	86.123	73.82	54.185	72.247	60.0	0.988	33.4079	638.3893
16	stage_1	0	47.81	86.123	86.123	73.82	54.185	72.247	60.0	0.988	32.5539	670.9527
17	stage_1	0	49.34	86.123	86.123	73.82	54.185	72.247	60.0	0.988	31.8998	702.8599
18	stage_1	0	49.98	86.123	86.123	73.82	54.185	72.247	60.0	0.988	31.0011	733.8703
19	stage_1	0	51.27	86.123	86.123	73.82	54.185	72.247	60.0	0.988	31.5336	765.4108
20	stage_1	0	49.41	86.123	86.123	73.82	54.185	72.247	60.0	0.988	32.2293	797.6497
21	stage_1	0	51.02	86.123	86.123	73.82	54.185	72.247	60.0	0.988	31.3343	828.9908
22	stage_1	0	52.6	86.123	86.123	73.82	54.185	72.247	60.0	0.988	29.9455	858.9457
23	stage_1	0	51.99	86.123	86.123	73.82	54.185	72.247	60.0	0.988	33.1594	892.1133
24	stage_1	0	53.27	86.123	86.123	73.82	54.185	72.247	60.0	0.988	32.6895	924.8108
25	stage_1	0	53.06	86.123	86.123	73.82	54.185	72.247	60.0	0.988	32.6961	957.5149
26	stage_1	0	53.29	86.123	86.123	73.82	54.185	72.247	60.0	0.988	34.4594	991.9813
27	stage_1	0	55.32	86.123	86.123	73.82	54.185	72.247	60.0	0.988	32.7745	1024.7641
28	stage_1	0	54.13	86.123	86.123	73.82	54.185	72.247	60.0	0.988	34.8180	1059.5887
29	stage_1	0	55.16	86.123	86.123	73.82	54.185	72.247	60.0	0.988	79.4755	1139.0722
30	stage_2	1	54.93	91.56	91.56	78.48	62.34	83.12	60.0	0.983	32.7776	1171.8581
31	stage_2	1	56.32	91.56	91.56	78.48	62.34	83.12	60.0	0.983	31.6701	1203.5351
32	stage_2	1	57.1	91.56	91.56	78.48	62.34	83.12	60.0	0.983	33.8566	1237.3994
33	stage_2	1	57.24	91.56	91.56	78.48	62.34	83.12	60.0	0.983	33.3429	1270.7490
34	stage_2	1	57.3	91.56	91.56	78.48	62.34	83.12	60.0	0.983	31.5167	1302.2785
35	stage_2	1	56.82	91.56	91.56	78.48	62.34	83.12	60.0	0.983	31.7346	1334.0197
36	stage_2	1	58.32	91.56	91.56	78.48	62.34	83.12	60.0	0.983	31.5840	1365.6115
37	stage_2	1	57.7	91.56	91.56	78.48	62.34	83.12	60.0	0.983	31.6182	1397.2365
38	stage_2	1	57.93	91.56	91.56	78.48	62.34	83.12	60.0	0.983	32.4561	1429.7012
39	stage_2	1	58.61	91.56	91.56	78.48	62.34	83.12	60.0	0.983	33.3764	1463.0842
40	stage_2	1	59.22	91.56	91.56	78.48	62.34	83.12	60.0	0.983	32.7826	1495.8751
41	stage_2	1	60.33	91.56	91.56	78.48	62.34	83.12	60.0	0.983	33.2015	1529.0832
42	stage_2	1	59.78	91.56	91.56	78.48	62.34	83.12	60.0	0.983	32.0809	1561.1721
43	stage_2	1	60.61	91.56	91.56	78.48	62.34	83.12	60.0	0.983	29.3993	1590.5785
44	stage_2	1	59.71	91.56	91.56	78.48	62.34	83.12	60.0	0.983	30.4989	1621.0852
45	stage_2	1	62.28	91.56	91.56	78.48	62.34	83.12	60.0	0.983	31.3306	1652.4223
46	stage_2	1	59.8	91.56	91.56	78.48	62.34	83.12	60.0	0.983	32.1878	1684.6180
47	stage_2	1	61.04	91.56	91.56	78.48	62.34	83.12	60.0	0.983	31.7526	1716.3772
48	stage_2	1	61.86	91.56	91.56	78.48	62.34	83.12	60.0	0.983	31.7238	1748.1091
49	stage_2	1	61.3	91.56	91.56	78.48	62.34	83.12	60.0	0.983	31.6724	1779.7895
50	stage_2	1	61.75	91.56	91.56	78.48	62.34	83.12	60.0	0.983	31.7091	1811.5067
51	stage_2	1	62.63	91.56	91.56	78.48	62.34	83.12	60.0	0.983	65.5618	1877.0755
52	stage_3	2	62.82	92.347	92.347	79.154	63.52	84.693	60.0	0.983	31.3594	1908.4432
53	stage_3	2	63.44	92.347	92.347	79.154	63.52	84.693	60.0	0.983	32.3753	1940.8255
54	stage_3	2	63.33	92.347	92.347	79.154	63.52	84.693	60.0	0.983	31.8353	1972.6690
55	stage_3	2	64.87	92.347	92.347	79.154	63.52	84.693	60.0	0.983	30.7502	2003.4273
56	stage_3	2	64.36	92.347	92.347	79.154	63.52	84.693	60.0	0.983	31.9251	2035.3609
57	stage_3	2	64.71	92.347	92.347	79.154	63.52	84.693	60.0	0.983	31.8984	2067.2664
58	stage_3	2	65.22	92.347	92.347	79.154	63.52	84.693	60.0	0.983	30.8325	2098.1068
59	stage_3	2	65.25	92.347	92.347	79.154	63.52	84.693	60.0	0.983	31.8274	2129.9412
60	stage_3	2	65.2	92.347	92.347	79.154	63.52	84.693	60.0	0.983	31.2901	2161.2394
61	stage_3	2	65.63	92.347	92.347	79.154	63.52	84.693	60.0	0.983	32.1021	2193.3486
62	stage_3	2	65.53	92.347	92.347	79.154	63.52	84.693	60.0	0.983	31.7619	2225.1188
63	stage_3	2	65.67	92.347	92.347	79.154	63.52	84.693	60.0	0.983	31.5966	2256.7224
64	stage_3	2	65.9	92.347	92.347	79.154	63.52	84.693	60.0	0.983	32.8845	2289.6150
65	stage_3	2	65.83	92.347	92.347	79.154	63.52	84.693	60.0	0.983	31.2978	2320.9205
66	stage_3	2	65.88	92.347	92.347	79.154	63.52	84.693	60.0	0.983	32.3073	2353.2361
67	stage_3	2	66.54	92.347	92.347	79.154	63.52	84.693	60.0	0.983	31.9390	2385.1819
68	stage_3	2	66.46	92.347	92.347	79.154	63.52	84.693	60.0	0.983	32.0556	2417.2509
69	stage_3	2	66.04	92.347	92.347	79.154	63.52	84.693	60.0	0.983	31.5745	2448.8325
70	stage_3	2	66.8	92.347	92.347	79.154	63.52	84.693	60.0	0.983	31.7053	2480.5460
71	stage_3	2	67.38	92.347	92.347	79.154	63.52	84.693	60.0	0.983	33.3280	2513.8819
72	stage_3	2	67.25	92.347	92.347	79.154	63.52	84.693	60.0	0.983	33.1835	2547.0734
73	stage_3	2	66.42	92.347	92.347	79.154	63.52	84.693	60.0	0.983	52.3918	2599.4730
74	stage_4	3	65.46	91.993	91.993	78.851	62.99	83.987	60.0	0.983	32.7092	2632.1921
75	stage_4	3	65.56	91.993	91.993	78.851	62.99	83.987	60.0	0.983	32.1094	2664.3099
76	stage_4	3	66.04	91.993	91.993	78.851	62.99	83.987	60.0	0.983	31.3680	2695.6876
77	stage_4	3	65.83	91.993	91.993	78.851	62.99	83.987	60.0	0.983	32.5770	2728.2727
78	stage_4	3	67.33	91.993	91.993	78.851	62.99	83.987	60.0	0.983	33.3978	2761.6788
79	stage_4	3	67.13	91.993	91.993	78.851	62.99	83.987	60.0	0.983	33.0854	2794.7724
80	stage_4	3	67.4	91.993	91.993	78.851	62.99	83.987	60.0	0.983	30.5937	2825.3745
81	stage_4	3	67.18	91.993	91.993	78.851	62.99	83.987	60.0	0.983	33.3331	2858.7145
82	stage_4	3	66.53	91.993	91.993	78.851	62.99	83.987	60.0	0.983	33.7783	2892.5023
83	stage_4	3	66.69	91.993	91.993	78.851	62.99	83.987	60.0	0.983	31.7605	2924.2700
84	stage_4	3	68.43	91.993	91.993	78.851	62.99	83.987	60.0	0.983	31.9736	2956.2519
85	stage_4	3	67.4	91.993	91.993	78.851	62.99	83.987	60.0	0.983	34.9616	2991.2202
86	stage_4	3	67.5	91.993	91.993	78.851	62.99	83.987	60.0	0.983	33.2202	3024.4486
87	stage_4	3	67.58	91.993	91.993	78.851	62.99	83.987	60.0	0.983	31.0240	3055.4796
88	stage_4	3	67.59	91.993	91.993	78.851	62.99	83.987	60.0	0.983	29.7216	3085.2091
89	stage_4	3	68.33	91.993	91.993	78.851	62.99	83.987	60.0	0.983	32.1412	3117.3573
90	stage_4	3	67.35	91.993	91.993	78.851	62.99	83.987	60.0	0.983	33.4401	3150.8058
91	stage_4	3	68.02	91.993	91.993	78.851	62.99	83.987	60.0	0.983	32.3350	3183.1481
92	stage_4	3	68.1	91.993	91.993	78.851	62.99	83.987	60.0	0.983	33.3796	3216.5360
93	stage_4	3	68.19	91.993	91.993	78.851	62.99	83.987	60.0	0.983	33.3014	3249.8446
94	stage_4	3	68.35	91.993	91.993	78.851	62.99	83.987	60.0	0.983	32.5752	3282.4294
95	stage_4	3	68.63	91.993	91.993	78.851	62.99	83.987	60.0	0.983	32.8126	3315.2491
