epoch	phase	stage	acc	stage_pure	clean_precision	clean_recall	noisy_precision	noisy_recall	keep_ratio	avg_teacher_similarity	round_time_sec	total_time_sec
0	warmup	warmup	19.59	None	None	None	None	None	None	None	46.9202	46.9278
1	warmup	warmup	43.61	None	None	None	None	None	None	None	45.9234	92.8627
2	warmup	warmup	65.92	None	None	None	None	None	None	None	46.0431	138.9146
3	warmup	warmup	72.02	None	None	None	None	None	None	None	46.0820	185.0061
4	warmup	warmup	75.63	None	None	None	None	None	None	None	45.7711	230.7844
5	warmup	warmup	78.32	None	None	None	None	None	None	None	45.6116	276.7092
6	warmup	warmup	80.04	None	None	None	None	None	None	None	45.1172	321.8343
7	warmup	warmup	81.03	None	None	None	None	None	None	None	45.4290	367.2728
8	warmup	warmup	81.19	None	None	None	None	None	None	None	45.9553	413.2365
9	warmup	warmup	81.92	None	None	None	None	None	None	None	97.5048	510.7514
10	stage_1	0	70.51	88.586	88.586	88.568	73.326	73.359	69.996	0.987	37.7516	548.5131
11	stage_1	0	74.63	88.586	88.586	88.568	73.326	73.359	69.996	0.987	37.0490	585.5703
12	stage_1	0	77.26	88.586	88.586	88.568	73.326	73.359	69.996	0.987	37.4231	623.0049
13	stage_1	0	79.51	88.586	88.586	88.568	73.326	73.359	69.996	0.987	37.3815	660.3941
14	stage_1	0	80.7	88.586	88.586	88.568	73.326	73.359	69.996	0.987	36.1627	696.5662
15	stage_1	0	81.46	88.586	88.586	88.568	73.326	73.359	69.996	0.987	30.6561	727.2308
16	stage_1	0	82.1	88.586	88.586	88.568	73.326	73.359	69.996	0.987	37.2765	764.5163
17	stage_1	0	82.25	88.586	88.586	88.568	73.326	73.359	69.996	0.987	38.1880	802.7123
18	stage_1	0	82.45	88.586	88.586	88.568	73.326	73.359	69.996	0.987	37.6561	840.3775
19	stage_1	0	83.12	88.586	88.586	88.568	73.326	73.359	69.996	0.987	37.6077	877.9941
20	stage_1	0	83.27	88.586	88.586	88.568	73.326	73.359	69.996	0.987	37.6183	915.6246
21	stage_1	0	83.77	88.586	88.586	88.568	73.326	73.359	69.996	0.987	37.1332	952.7656
22	stage_1	0	83.71	88.586	88.586	88.568	73.326	73.359	69.996	0.987	37.4527	990.2286
23	stage_1	0	84.08	88.586	88.586	88.568	73.326	73.359	69.996	0.987	37.3424	1027.5785
24	stage_1	0	83.95	88.586	88.586	88.568	73.326	73.359	69.996	0.987	37.4961	1065.0869
25	stage_1	0	83.79	88.586	88.586	88.568	73.326	73.359	69.996	0.987	37.4295	1102.5258
26	stage_1	0	84.23	88.586	88.586	88.568	73.326	73.359	69.996	0.987	37.2320	1139.7681
27	stage_1	0	84.38	88.586	88.586	88.568	73.326	73.359	69.996	0.987	37.3340	1177.1095
28	stage_1	0	84.49	88.586	88.586	88.568	73.326	73.359	69.996	0.987	36.4505	1213.5702
29	stage_1	0	84.99	88.586	88.586	88.568	73.326	73.359	69.996	0.987	36.5631	1250.1420
30	stage_1	0	85.07	88.586	88.586	88.568	73.326	73.359	69.996	0.987	36.9946	1287.1502
31	stage_1	0	85.1	88.586	88.586	88.568	73.326	73.359	69.996	0.987	36.8494	1324.0097
32	stage_1	0	85.57	88.586	88.586	88.568	73.326	73.359	69.996	0.987	37.3138	1361.3322
33	stage_1	0	85.84	88.586	88.586	88.568	73.326	73.359	69.996	0.987	37.6799	1399.0229
34	stage_1	0	85.54	88.586	88.586	88.568	73.326	73.359	69.996	0.987	36.7510	1435.7827
35	stage_1	0	85.67	88.586	88.586	88.568	73.326	73.359	69.996	0.987	37.0156	1472.8063
36	stage_1	0	85.44	88.586	88.586	88.568	73.326	73.359	69.996	0.987	36.9328	1509.7480
37	stage_1	0	85.16	88.586	88.586	88.568	73.326	73.359	69.996	0.987	37.1201	1546.8753
38	stage_1	0	85.59	88.586	88.586	88.568	73.326	73.359	69.996	0.987	36.9134	1583.7992
39	stage_1	0	86.13	88.586	88.586	88.568	73.326	73.359	69.996	0.987	37.2152	1621.0227
40	stage_1	0	86.18	88.586	88.586	88.568	73.326	73.359	69.996	0.987	36.7236	1657.7550
41	stage_1	0	85.73	88.586	88.586	88.568	73.326	73.359	69.996	0.987	37.2122	1694.9758
42	stage_1	0	85.31	88.586	88.586	88.568	73.326	73.359	69.996	0.987	36.8618	1731.8489
43	stage_1	0	86.04	88.586	88.586	88.568	73.326	73.359	69.996	0.987	37.1269	1768.9836
44	stage_1	0	86.14	88.586	88.586	88.568	73.326	73.359	69.996	0.987	36.9760	1805.9699
45	stage_1	0	86.01	88.586	88.586	88.568	73.326	73.359	69.996	0.987	37.1635	1843.1405
46	stage_1	0	86.04	88.586	88.586	88.568	73.326	73.359	69.996	0.987	37.0467	1880.1955
47	stage_1	0	85.71	88.586	88.586	88.568	73.326	73.359	69.996	0.987	37.1479	1917.3513
48	stage_1	0	85.8	88.586	88.586	88.568	73.326	73.359	69.996	0.987	37.8936	1955.2572
49	stage_1	0	85.64	88.586	88.586	88.568	73.326	73.359	69.996	0.987	37.5116	1992.7777
50	stage_1	0	86.08	88.586	88.586	88.568	73.326	73.359	69.996	0.987	38.1447	2030.9375
51	stage_1	0	86.3	88.586	88.586	88.568	73.326	73.359	69.996	0.987	37.2422	2068.1881
52	stage_1	0	86.11	88.586	88.586	88.568	73.326	73.359	69.996	0.987	38.2383	2106.4370
53	stage_1	0	86.27	88.586	88.586	88.568	73.326	73.359	69.996	0.987	37.1814	2143.6258
54	stage_1	0	85.93	88.586	88.586	88.568	73.326	73.359	69.996	0.987	38.5682	2182.2090
55	stage_1	0	85.64	88.586	88.586	88.568	73.326	73.359	69.996	0.987	36.8462	2219.0630
56	stage_1	0	86.14	88.586	88.586	88.568	73.326	73.359	69.996	0.987	36.9224	2255.9996
57	stage_1	0	86.12	88.586	88.586	88.568	73.326	73.359	69.996	0.987	36.9865	2292.9939
58	stage_1	0	86.34	88.586	88.586	88.568	73.326	73.359	69.996	0.987	37.5118	2330.5182
59	stage_1	0	85.79	88.586	88.586	88.568	73.326	73.359	69.996	0.987	77.8873	2408.4134
60	stage_2	1	86.22	92.424	92.424	92.406	82.279	82.317	69.996	0.979	36.7229	2445.1471
61	stage_2	1	86.41	92.424	92.424	92.406	82.279	82.317	69.996	0.979	36.8648	2482.0197
62	stage_2	1	86.69	92.424	92.424	92.406	82.279	82.317	69.996	0.979	37.1452	2519.1761
63	stage_2	1	86.93	92.424	92.424	92.406	82.279	82.317	69.996	0.979	37.4242	2556.6082
64	stage_2	1	86.39	92.424	92.424	92.406	82.279	82.317	69.996	0.979	37.2138	2593.8349
65	stage_2	1	86.23	92.424	92.424	92.406	82.279	82.317	69.996	0.979	37.2151	2631.0598
66	stage_2	1	86.7	92.424	92.424	92.406	82.279	82.317	69.996	0.979	36.9897	2668.0646
67	stage_2	1	86.37	92.424	92.424	92.406	82.279	82.317	69.996	0.979	37.8239	2705.8963
68	stage_2	1	86.41	92.424	92.424	92.406	82.279	82.317	69.996	0.979	37.5513	2743.4568
69	stage_2	1	86.24	92.424	92.424	92.406	82.279	82.317	69.996	0.979	36.6524	2780.1210
70	stage_2	1	86.39	92.424	92.424	92.406	82.279	82.317	69.996	0.979	36.7552	2816.8852
71	stage_2	1	86.19	92.424	92.424	92.406	82.279	82.317	69.996	0.979	37.8647	2854.7577
72	stage_2	1	86.87	92.424	92.424	92.406	82.279	82.317	69.996	0.979	37.0312	2891.8036
73	stage_2	1	86.76	92.424	92.424	92.406	82.279	82.317	69.996	0.979	37.0299	2928.8424
74	stage_2	1	86.48	92.424	92.424	92.406	82.279	82.317	69.996	0.979	37.1062	2965.9597
75	stage_2	1	86.49	92.424	92.424	92.406	82.279	82.317	69.996	0.979	37.2066	3003.1744
76	stage_2	1	86.29	92.424	92.424	92.406	82.279	82.317	69.996	0.979	36.8985	3040.0846
77	stage_2	1	86.13	92.424	92.424	92.406	82.279	82.317	69.996	0.979	37.2276	3077.3199
78	stage_2	1	86.12	92.424	92.424	92.406	82.279	82.317	69.996	0.979	36.0932	3113.4231
79	stage_2	1	86.11	92.424	92.424	92.406	82.279	82.317	69.996	0.979	36.9181	3150.3487
80	stage_2	1	86.29	92.424	92.424	92.406	82.279	82.317	69.996	0.979	36.7985	3187.1582
81	stage_2	1	85.74	92.424	92.424	92.406	82.279	82.317	69.996	0.979	37.0853	3224.2527
82	stage_2	1	85.99	92.424	92.424	92.406	82.279	82.317	69.996	0.979	37.0635	3261.3265
83	stage_2	1	86.05	92.424	92.424	92.406	82.279	82.317	69.996	0.979	38.5668	3299.9023
84	stage_2	1	86.25	92.424	92.424	92.406	82.279	82.317	69.996	0.979	36.8053	3336.7171
85	stage_2	1	85.54	92.424	92.424	92.406	82.279	82.317	69.996	0.979	36.9994	3373.7253
86	stage_2	1	85.73	92.424	92.424	92.406	82.279	82.317	69.996	0.979	36.7737	3410.5082
87	stage_2	1	85.93	92.424	92.424	92.406	82.279	82.317	69.996	0.979	36.9132	3447.4298
88	stage_2	1	86.41	92.424	92.424	92.406	82.279	82.317	69.996	0.979	37.2692	3484.7152
89	stage_2	1	86.1	92.424	92.424	92.406	82.279	82.317	69.996	0.979	36.7976	3521.5222
90	stage_2	1	86.31	92.424	92.424	92.406	82.279	82.317	69.996	0.979	37.0266	3558.5599
91	stage_2	1	86.23	92.424	92.424	92.406	82.279	82.317	69.996	0.979	37.3978	3595.9705
92	stage_2	1	86.44	92.424	92.424	92.406	82.279	82.317	69.996	0.979	37.9363	3633.9171
93	stage_2	1	86.16	92.424	92.424	92.406	82.279	82.317	69.996	0.979	37.7764	3671.7051
94	stage_2	1	86.3	92.424	92.424	92.406	82.279	82.317	69.996	0.979	36.0090	3707.7235
95	stage_2	1	86.28	92.424	92.424	92.406	82.279	82.317	69.996	0.979	36.5557	3744.2899
96	stage_2	1	85.95	92.424	92.424	92.406	82.279	82.317	69.996	0.979	37.1086	3781.4077
97	stage_2	1	85.88	92.424	92.424	92.406	82.279	82.317	69.996	0.979	37.0080	3818.4252
98	stage_2	1	85.84	92.424	92.424	92.406	82.279	82.317	69.996	0.979	37.3123	3855.7502
99	stage_2	1	85.76	92.424	92.424	92.406	82.279	82.317	69.996	0.979	36.8925	3892.6538
100	stage_2	1	85.91	92.424	92.424	92.406	82.279	82.317	69.996	0.979	36.8728	3929.5357
101	stage_2	1	86.21	92.424	92.424	92.406	82.279	82.317	69.996	0.979	36.8253	3966.3687
102	stage_2	1	85.47	92.424	92.424	92.406	82.279	82.317	69.996	0.979	36.8200	4003.1998
103	stage_2	1	85.48	92.424	92.424	92.406	82.279	82.317	69.996	0.979	37.6331	4040.8409
104	stage_2	1	85.76	92.424	92.424	92.406	82.279	82.317	69.996	0.979	37.4164	4078.2694
105	stage_2	1	85.85	92.424	92.424	92.406	82.279	82.317	69.996	0.979	38.2674	4116.5446
106	stage_2	1	86.18	92.424	92.424	92.406	82.279	82.317	69.996	0.979	37.3014	4153.8601
107	stage_2	1	86.07	92.424	92.424	92.406	82.279	82.317	69.996	0.979	37.1902	4191.0589
108	stage_2	1	85.58	92.424	92.424	92.406	82.279	82.317	69.996	0.979	37.0283	4228.0986
109	stage_2	1	86.05	92.424	92.424	92.406	82.279	82.317	69.996	0.979	66.1687	4294.2801
110	stage_3	2	86.74	91.936	91.936	91.918	81.142	81.179	69.996	0.984	36.8833	4331.1778
111	stage_3	2	87.1	91.936	91.936	91.918	81.142	81.179	69.996	0.984	37.5763	4368.7617
112	stage_3	2	86.9	91.936	91.936	91.918	81.142	81.179	69.996	0.984	37.2505	4406.0255
113	stage_3	2	87.04	91.936	91.936	91.918	81.142	81.179	69.996	0.984	36.9229	4442.9605
114	stage_3	2	86.57	91.936	91.936	91.918	81.142	81.179	69.996	0.984	36.7272	4479.7013
115	stage_3	2	86.12	91.936	91.936	91.918	81.142	81.179	69.996	0.984	36.8092	4516.5204
116	stage_3	2	86.99	91.936	91.936	91.918	81.142	81.179	69.996	0.984	36.9744	4553.5133
117	stage_3	2	86.46	91.936	91.936	91.918	81.142	81.179	69.996	0.984	36.8851	4590.4073
118	stage_3	2	86.14	91.936	91.936	91.918	81.142	81.179	69.996	0.984	37.0035	4627.4331
119	stage_3	2	86.64	91.936	91.936	91.918	81.142	81.179	69.996	0.984	36.8701	4664.3106
120	stage_3	2	86.36	91.936	91.936	91.918	81.142	81.179	69.996	0.984	37.0458	4701.3722
121	stage_3	2	86.19	91.936	91.936	91.918	81.142	81.179	69.996	0.984	36.8648	4738.2464
122	stage_3	2	86.36	91.936	91.936	91.918	81.142	81.179	69.996	0.984	37.5489	4775.8119
123	stage_3	2	86.6	91.936	91.936	91.918	81.142	81.179	69.996	0.984	36.9791	4812.8009
124	stage_3	2	86.87	91.936	91.936	91.918	81.142	81.179	69.996	0.984	36.8664	4849.6825
125	stage_3	2	86.87	91.936	91.936	91.918	81.142	81.179	69.996	0.984	36.8393	4886.5301
126	stage_3	2	86.42	91.936	91.936	91.918	81.142	81.179	69.996	0.984	36.9272	4923.4725
127	stage_3	2	86.17	91.936	91.936	91.918	81.142	81.179	69.996	0.984	37.4519	4960.9321
128	stage_3	2	86.74	91.936	91.936	91.918	81.142	81.179	69.996	0.984	37.3019	4998.2517
129	stage_3	2	86.29	91.936	91.936	91.918	81.142	81.179	69.996	0.984	37.0052	5035.2658
130	stage_3	2	86.46	91.936	91.936	91.918	81.142	81.179	69.996	0.984	37.1086	5072.3885
131	stage_3	2	86.67	91.936	91.936	91.918	81.142	81.179	69.996	0.984	38.0408	5110.4372
132	stage_3	2	86.31	91.936	91.936	91.918	81.142	81.179	69.996	0.984	38.6512	5149.1050
133	stage_3	2	86.88	91.936	91.936	91.918	81.142	81.179	69.996	0.984	37.2888	5186.4020
134	stage_3	2	86.79	91.936	91.936	91.918	81.142	81.179	69.996	0.984	37.9217	5224.3399
135	stage_3	2	86.42	91.936	91.936	91.918	81.142	81.179	69.996	0.984	36.8062	5261.1907
136	stage_3	2	86.56	91.936	91.936	91.918	81.142	81.179	69.996	0.984	36.8051	5298.0131
137	stage_3	2	86.45	91.936	91.936	91.918	81.142	81.179	69.996	0.984	37.6209	5335.6419
138	stage_3	2	86.76	91.936	91.936	91.918	81.142	81.179	69.996	0.984	36.6445	5372.2987
139	stage_3	2	85.94	91.936	91.936	91.918	81.142	81.179	69.996	0.984	36.9551	5409.2627
140	stage_3	2	86.29	91.936	91.936	91.918	81.142	81.179	69.996	0.984	36.6916	5445.9715
141	stage_3	2	86.79	91.936	91.936	91.918	81.142	81.179	69.996	0.984	37.0613	5483.0425
142	stage_3	2	86.32	91.936	91.936	91.918	81.142	81.179	69.996	0.984	37.0862	5520.1459
143	stage_3	2	86.82	91.936	91.936	91.918	81.142	81.179	69.996	0.984	36.9099	5557.0652
144	stage_3	2	86.88	91.936	91.936	91.918	81.142	81.179	69.996	0.984	37.0289	5594.1081
145	stage_3	2	86.78	91.936	91.936	91.918	81.142	81.179	69.996	0.984	37.0298	5631.1482
146	stage_3	2	86.42	91.936	91.936	91.918	81.142	81.179	69.996	0.984	36.9745	5668.1380
147	stage_3	2	86.63	91.936	91.936	91.918	81.142	81.179	69.996	0.984	36.6652	5704.8118
148	stage_3	2	86.89	91.936	91.936	91.918	81.142	81.179	69.996	0.984	36.5581	5741.3831
149	stage_3	2	86.76	91.936	91.936	91.918	81.142	81.179	69.996	0.984	37.1939	5778.5861
150	stage_3	2	86.82	91.936	91.936	91.918	81.142	81.179	69.996	0.984	36.8091	5815.4105
151	stage_3	2	86.96	91.936	91.936	91.918	81.142	81.179	69.996	0.984	37.0430	5852.4625
152	stage_3	2	86.92	91.936	91.936	91.918	81.142	81.179	69.996	0.984	36.8358	5889.3104
153	stage_3	2	87.07	91.936	91.936	91.918	81.142	81.179	69.996	0.984	36.8156	5926.1353
154	stage_3	2	86.84	91.936	91.936	91.918	81.142	81.179	69.996	0.984	37.2749	5963.4260
155	stage_3	2	86.85	91.936	91.936	91.918	81.142	81.179	69.996	0.984	36.9608	6000.4006
156	stage_3	2	86.9	91.936	91.936	91.918	81.142	81.179	69.996	0.984	36.7856	6037.2019
157	stage_3	2	86.75	91.936	91.936	91.918	81.142	81.179	69.996	0.984	37.0024	6074.2123
158	stage_3	2	86.78	91.936	91.936	91.918	81.142	81.179	69.996	0.984	37.0228	6111.2474
159	stage_3	2	87.08	91.936	91.936	91.918	81.142	81.179	69.996	0.984	54.0888	6165.3452
160	stage_4	3	86.49	90.819	90.819	90.801	78.535	78.571	69.996	0.986	37.0963	6202.4524
161	stage_4	3	86.25	90.819	90.819	90.801	78.535	78.571	69.996	0.986	36.9028	6239.3631
162	stage_4	3	85.53	90.819	90.819	90.801	78.535	78.571	69.996	0.986	37.2332	6276.6066
163	stage_4	3	85.27	90.819	90.819	90.801	78.535	78.571	69.996	0.986	37.0455	6313.6603
164	stage_4	3	84.8	90.819	90.819	90.801	78.535	78.571	69.996	0.986	38.5888	6352.2620
165	stage_4	3	85.29	90.819	90.819	90.801	78.535	78.571	69.996	0.986	37.8637	6390.1356
166	stage_4	3	84.77	90.819	90.819	90.801	78.535	78.571	69.996	0.986	36.8805	6427.0293
167	stage_4	3	84.46	90.819	90.819	90.801	78.535	78.571	69.996	0.986	36.8077	6463.8448
168	stage_4	3	85.19	90.819	90.819	90.801	78.535	78.571	69.996	0.986	37.9398	6501.7977
169	stage_4	3	85.1	90.819	90.819	90.801	78.535	78.571	69.996	0.986	36.8671	6538.6759
170	stage_4	3	84.68	90.819	90.819	90.801	78.535	78.571	69.996	0.986	37.0342	6575.7198
171	stage_4	3	85.36	90.819	90.819	90.801	78.535	78.571	69.996	0.986	36.7172	6612.4448
172	stage_4	3	84.53	90.819	90.819	90.801	78.535	78.571	69.996	0.986	37.3689	6649.8228
173	stage_4	3	84.82	90.819	90.819	90.801	78.535	78.571	69.996	0.986	36.8245	6686.6550
174	stage_4	3	84.62	90.819	90.819	90.801	78.535	78.571	69.996	0.986	37.0687	6723.7331
175	stage_4	3	85.01	90.819	90.819	90.801	78.535	78.571	69.996	0.986	36.8552	6760.5968
176	stage_4	3	84.53	90.819	90.819	90.801	78.535	78.571	69.996	0.986	36.9041	6797.5107
177	stage_4	3	85.1	90.819	90.819	90.801	78.535	78.571	69.996	0.986	37.0296	6834.5485
178	stage_4	3	84.9	90.819	90.819	90.801	78.535	78.571	69.996	0.986	36.0035	6870.5639
179	stage_4	3	85.13	90.819	90.819	90.801	78.535	78.571	69.996	0.986	37.1528	6907.7247
180	stage_4	3	85.05	90.819	90.819	90.801	78.535	78.571	69.996	0.986	36.5922	6944.3330
181	stage_4	3	85.22	90.819	90.819	90.801	78.535	78.571	69.996	0.986	36.9810	6981.3221
182	stage_4	3	85.45	90.819	90.819	90.801	78.535	78.571	69.996	0.986	36.5980	7017.9378
183	stage_4	3	85.48	90.819	90.819	90.801	78.535	78.571	69.996	0.986	38.0028	7055.9495
184	stage_4	3	85.48	90.819	90.819	90.801	78.535	78.571	69.996	0.986	36.7519	7092.7243
185	stage_4	3	85.1	90.819	90.819	90.801	78.535	78.571	69.996	0.986	37.8120	7130.5460
186	stage_4	3	85.32	90.819	90.819	90.801	78.535	78.571	69.996	0.986	37.0570	7167.6199
187	stage_4	3	85.34	90.819	90.819	90.801	78.535	78.571	69.996	0.986	37.0575	7204.6851
188	stage_4	3	85.35	90.819	90.819	90.801	78.535	78.571	69.996	0.986	36.8680	7241.5664
189	stage_4	3	85.31	90.819	90.819	90.801	78.535	78.571	69.996	0.986	28.1750	7269.7520
190	stage_4	3	85.18	90.819	90.819	90.801	78.535	78.571	69.996	0.986	23.5104	7293.2767
191	stage_4	3	85.79	90.819	90.819	90.801	78.535	78.571	69.996	0.986	24.2392	7317.5253
192	stage_4	3	85.64	90.819	90.819	90.801	78.535	78.571	69.996	0.986	27.7129	7345.2526
193	stage_4	3	85.85	90.819	90.819	90.801	78.535	78.571	69.996	0.986	36.7314	7382.0007
194	stage_4	3	85.99	90.819	90.819	90.801	78.535	78.571	69.996	0.986	36.6612	7418.6701
195	stage_4	3	85.91	90.819	90.819	90.801	78.535	78.571	69.996	0.986	36.5211	7455.2033
196	stage_4	3	86.16	90.819	90.819	90.801	78.535	78.571	69.996	0.986	36.7531	7491.9684
197	stage_4	3	85.87	90.819	90.819	90.801	78.535	78.571	69.996	0.986	36.6815	7528.6621
198	stage_4	3	85.65	90.819	90.819	90.801	78.535	78.571	69.996	0.986	36.7596	7565.4312
199	stage_4	3	85.78	90.819	90.819	90.801	78.535	78.571	69.996	0.986	38.0054	7603.4517
200	stage_4	3	86.04	90.819	90.819	90.801	78.535	78.571	69.996	0.986	37.0041	7640.4656
201	stage_4	3	85.91	90.819	90.819	90.801	78.535	78.571	69.996	0.986	36.6834	7677.1609
202	stage_4	3	86.06	90.819	90.819	90.801	78.535	78.571	69.996	0.986	37.0084	7714.1794
203	stage_4	3	86.04	90.819	90.819	90.801	78.535	78.571	69.996	0.986	36.6549	7750.8482
204	stage_4	3	86.32	90.819	90.819	90.801	78.535	78.571	69.996	0.986	36.7590	7787.6149
205	stage_4	3	85.87	90.819	90.819	90.801	78.535	78.571	69.996	0.986	36.7451	7824.3741
206	stage_4	3	86.31	90.819	90.819	90.801	78.535	78.571	69.996	0.986	36.6243	7861.0086
207	stage_4	3	86.14	90.819	90.819	90.801	78.535	78.571	69.996	0.986	36.5428	7897.5632
208	stage_4	3	85.89	90.819	90.819	90.801	78.535	78.571	69.996	0.986	37.5675	7935.1400
209	stage_4	3	86.12	90.819	90.819	90.801	78.535	78.571	69.996	0.986	36.7557	7971.9082
