epoch	phase	stage	acc	stage_pure	clean_precision	clean_recall	noisy_precision	noisy_recall	keep_ratio	avg_teacher_similarity	round_time_sec	total_time_sec
0	warmup	warmup	19.59	None	None	None	None	None	None	None	168.5716	168.5782
1	warmup	warmup	40.09	None	None	None	None	None	None	None	181.9390	350.5259
2	warmup	warmup	63.91	None	None	None	None	None	None	None	184.3530	534.8866
3	warmup	warmup	73.38	None	None	None	None	None	None	None	183.6809	718.5772
4	warmup	warmup	75.12	None	None	None	None	None	None	None	181.9083	900.4934
5	warmup	warmup	73.62	None	None	None	None	None	None	None	183.8449	1084.3461
6	warmup	warmup	67.95	None	None	None	None	None	None	None	183.2693	1267.6229
7	warmup	warmup	62.76	None	None	None	None	None	None	None	183.6292	1451.2599
8	warmup	warmup	58.29	None	None	None	None	None	None	None	182.9083	1634.1760
9	warmup	warmup	52.79	None	None	None	None	None	None	None	183.3522	1817.5360
10	warmup	warmup	50.81	None	None	None	None	None	None	None	183.9538	2001.4975
11	warmup	warmup	49.32	None	None	None	None	None	None	None	183.7214	2185.2266
12	warmup	warmup	48.34	None	None	None	None	None	None	None	183.2693	2368.5037
13	warmup	warmup	47.02	None	None	None	None	None	None	None	183.4650	2551.9771
14	warmup	warmup	47.12	None	None	None	None	None	None	None	183.7400	2735.7247
15	warmup	warmup	45.87	None	None	None	None	None	None	None	184.3073	2920.0401
16	warmup	warmup	46.2	None	None	None	None	None	None	None	186.5974	3106.6451
17	warmup	warmup	45.89	None	None	None	None	None	None	None	182.4241	3289.0787
18	warmup	warmup	45.12	None	None	None	None	None	None	None	182.9875	3472.0763
19	warmup	warmup	45.82	None	None	None	None	None	None	None	283.1532	3755.2385
20	stage_1	0	48.49	52.551	52.551	94.581	72.92	14.593	89.994	0.96	172.4777	3927.7249
21	stage_1	0	47.76	52.551	52.551	94.581	72.92	14.593	89.994	0.96	173.9613	4101.6947
22	stage_1	0	48.06	52.551	52.551	94.581	72.92	14.593	89.994	0.96	175.1097	4276.8150
23	stage_1	0	47.44	52.551	52.551	94.581	72.92	14.593	89.994	0.96	172.7391	4449.5622
24	stage_1	0	47.65	52.551	52.551	94.581	72.92	14.593	89.994	0.96	174.5145	4624.0893
25	stage_1	0	47.3	52.551	52.551	94.581	72.92	14.593	89.994	0.96	173.1575	4797.2539
26	stage_1	0	47.2	52.551	52.551	94.581	72.92	14.593	89.994	0.96	173.3876	4970.8549
27	stage_1	0	46.69	52.551	52.551	94.581	72.92	14.593	89.994	0.96	172.2832	5143.1463
28	stage_1	0	46.48	52.551	52.551	94.581	72.92	14.593	89.994	0.96	172.4317	5315.5860
29	stage_1	0	45.97	52.551	52.551	94.581	72.92	14.593	89.994	0.96	173.6100	5489.2039
30	stage_1	0	46.62	52.551	52.551	94.581	72.92	14.593	89.994	0.96	173.4112	5662.6234
31	stage_1	0	45.54	52.551	52.551	94.581	72.92	14.593	89.994	0.96	175.1084	5837.7395
32	stage_1	0	45.94	52.551	52.551	94.581	72.92	14.593	89.994	0.96	173.1140	6010.8641
33	stage_1	0	45.35	52.551	52.551	94.581	72.92	14.593	89.994	0.96	173.2786	6184.1506
34	stage_1	0	45.49	52.551	52.551	94.581	72.92	14.593	89.994	0.96	172.9024	6357.0611
35	stage_1	0	44.55	52.551	52.551	94.581	72.92	14.593	89.994	0.96	171.6986	6528.7715
36	stage_1	0	44.53	52.551	52.551	94.581	72.92	14.593	89.994	0.96	173.1523	6701.9319
37	stage_1	0	44.95	52.551	52.551	94.581	72.92	14.593	89.994	0.96	173.5849	6875.5248
38	stage_1	0	44.47	52.551	52.551	94.581	72.92	14.593	89.994	0.96	270.6019	7146.1347
39	stage_2	1	47.34	51.064	51.064	71.482	52.475	31.491	69.996	0.98	140.7984	7286.9447
40	stage_2	1	45.68	51.064	51.064	71.482	52.475	31.491	69.996	0.98	139.7109	7426.6637
41	stage_2	1	45.89	51.064	51.064	71.482	52.475	31.491	69.996	0.98	140.7191	7567.3911
42	stage_2	1	46.04	51.064	51.064	71.482	52.475	31.491	69.996	0.98	138.5069	7705.9060
43	stage_2	1	45.3	51.064	51.064	71.482	52.475	31.491	69.996	0.98	140.5668	7846.4797
44	stage_2	1	45.78	51.064	51.064	71.482	52.475	31.491	69.996	0.98	139.4823	7985.9689
45	stage_2	1	45.06	51.064	51.064	71.482	52.475	31.491	69.996	0.98	139.7184	8125.6939
46	stage_2	1	45.7	51.064	51.064	71.482	52.475	31.491	69.996	0.98	140.7870	8266.4879
47	stage_2	1	46.04	51.064	51.064	71.482	52.475	31.491	69.996	0.98	141.6195	8408.1143
48	stage_2	1	45.31	51.064	51.064	71.482	52.475	31.491	69.996	0.98	140.8063	8548.9293
49	stage_2	1	46.06	51.064	51.064	71.482	52.475	31.491	69.996	0.98	140.7553	8689.6929
50	stage_2	1	45.84	51.064	51.064	71.482	52.475	31.491	69.996	0.98	138.9810	8828.6819
51	stage_2	1	46.25	51.064	51.064	71.482	52.475	31.491	69.996	0.98	141.0953	8969.7868
52	stage_2	1	46.25	51.064	51.064	71.482	52.475	31.491	69.996	0.98	139.7700	9109.5648
53	stage_2	1	45.4	51.064	51.064	71.482	52.475	31.491	69.996	0.98	139.7818	9249.3553
54	stage_2	1	45.73	51.064	51.064	71.482	52.475	31.491	69.996	0.98	139.6462	9389.0097
55	stage_2	1	45.91	51.064	51.064	71.482	52.475	31.491	69.996	0.98	140.8258	9529.8437
56	stage_2	1	45.65	51.064	51.064	71.482	52.475	31.491	69.996	0.98	141.2137	9671.0654
57	stage_2	1	45.98	51.064	51.064	71.482	52.475	31.491	69.996	0.98	233.1259	9904.1995
58	stage_3	2	48.43	50.061	50.061	60.066	50.088	40.077	59.994	0.993	134.2414	10038.4491
59	stage_3	2	46.6	50.061	50.061	60.066	50.088	40.077	59.994	0.993	127.4266	10165.8842
60	stage_3	2	45.81	50.061	50.061	60.066	50.088	40.077	59.994	0.993	126.0493	10291.9418
61	stage_3	2	46.75	50.061	50.061	60.066	50.088	40.077	59.994	0.993	125.6204	10417.5710
62	stage_3	2	46.45	50.061	50.061	60.066	50.088	40.077	59.994	0.993	124.6341	10542.2136
63	stage_3	2	46.49	50.061	50.061	60.066	50.088	40.077	59.994	0.993	125.1191	10667.3435
64	stage_3	2	46.5	50.061	50.061	60.066	50.088	40.077	59.994	0.993	125.2776	10792.6320
65	stage_3	2	46.67	50.061	50.061	60.066	50.088	40.077	59.994	0.993	125.3005	10917.9407
66	stage_3	2	45.92	50.061	50.061	60.066	50.088	40.077	59.994	0.993	126.9616	11044.9218
67	stage_3	2	46.59	50.061	50.061	60.066	50.088	40.077	59.994	0.993	124.9512	11169.8904
68	stage_3	2	46.3	50.061	50.061	60.066	50.088	40.077	59.994	0.993	125.5994	11295.5014
69	stage_3	2	46.91	50.061	50.061	60.066	50.088	40.077	59.994	0.993	124.7785	11420.2991
70	stage_3	2	47.0	50.061	50.061	60.066	50.088	40.077	59.994	0.993	125.3016	11545.6108
71	stage_3	2	47.44	50.061	50.061	60.066	50.088	40.077	59.994	0.993	127.0091	11672.6283
72	stage_3	2	47.44	50.061	50.061	60.066	50.088	40.077	59.994	0.993	124.3067	11796.9446
73	stage_3	2	47.66	50.061	50.061	60.066	50.088	40.077	59.994	0.993	128.5194	11925.4722
74	stage_3	2	47.77	50.061	50.061	60.066	50.088	40.077	59.994	0.993	126.0965	12051.5774
75	stage_3	2	48.32	50.061	50.061	60.066	50.088	40.077	59.994	0.993	125.6781	12177.2636
76	stage_3	2	47.61	50.061	50.061	60.066	50.088	40.077	59.994	0.993	207.3049	12384.5774
77	stage_4	3	47.58	47.348	47.348	47.344	47.344	47.348	49.998	0.998	117.3519	12501.9376
78	stage_4	3	48.12	47.348	47.348	47.344	47.344	47.348	49.998	0.998	116.3561	12618.3021
79	stage_4	3	46.34	47.348	47.348	47.344	47.344	47.348	49.998	0.998	111.9229	12730.2335
80	stage_4	3	46.28	47.348	47.348	47.344	47.344	47.348	49.998	0.998	112.7621	12843.0041
81	stage_4	3	46.22	47.348	47.348	47.344	47.344	47.348	49.998	0.998	111.0534	12954.0659
82	stage_4	3	46.66	47.348	47.348	47.344	47.344	47.348	49.998	0.998	111.2552	13065.3296
83	stage_4	3	46.59	47.348	47.348	47.344	47.344	47.348	49.998	0.998	111.9291	13177.2670
84	stage_4	3	46.91	47.348	47.348	47.344	47.344	47.348	49.998	0.998	110.9787	13288.2539
85	stage_4	3	46.84	47.348	47.348	47.344	47.344	47.348	49.998	0.998	112.2116	13400.4739
86	stage_4	3	46.73	47.348	47.348	47.344	47.344	47.348	49.998	0.998	111.4756	13511.9565
87	stage_4	3	46.69	47.348	47.348	47.344	47.344	47.348	49.998	0.998	111.2057	13623.1692
88	stage_4	3	47.05	47.348	47.348	47.344	47.344	47.348	49.998	0.998	111.6684	13734.8466
89	stage_4	3	47.3	47.348	47.348	47.344	47.344	47.348	49.998	0.998	109.4262	13844.2798
90	stage_4	3	47.0	47.348	47.348	47.344	47.344	47.348	49.998	0.998	110.6060	13954.8927
91	stage_4	3	46.95	47.348	47.348	47.344	47.344	47.348	49.998	0.998	109.8900	14064.7896
92	stage_4	3	47.23	47.348	47.348	47.344	47.344	47.348	49.998	0.998	112.6769	14177.4734
93	stage_4	3	47.46	47.348	47.348	47.344	47.344	47.348	49.998	0.998	111.4744	14288.9548
94	stage_4	3	47.75	47.348	47.348	47.344	47.344	47.348	49.998	0.998	110.9606	14399.9224
95	stage_4	3	47.43	47.348	47.348	47.344	47.344	47.348	49.998	0.998	111.8957	14511.8255
