epoch	phase	stage	acc	stage_pure	clean_precision	clean_recall	noisy_precision	noisy_recall	keep_ratio	avg_teacher_similarity	round_time_sec	total_time_sec
0	warmup	warmup	10.0	None	None	None	None	None	None	None	127.9346	127.9407
1	warmup	warmup	26.43	None	None	None	None	None	None	None	127.0002	254.9484
2	warmup	warmup	35.73	None	None	None	None	None	None	None	125.0400	379.9948
3	warmup	warmup	43.31	None	None	None	None	None	None	None	124.7006	504.7030
4	warmup	warmup	47.61	None	None	None	None	None	None	None	126.0822	630.7914
5	warmup	warmup	51.15	None	None	None	None	None	None	None	127.4513	758.2540
6	warmup	warmup	54.12	None	None	None	None	None	None	None	125.3988	883.6628
7	warmup	warmup	56.66	None	None	None	None	None	None	None	127.0610	1010.7315
8	warmup	warmup	58.53	None	None	None	None	None	None	None	126.5127	1137.2513
9	warmup	warmup	60.56	None	None	None	None	None	None	None	126.2472	1263.5099
10	warmup	warmup	62.46	None	None	None	None	None	None	None	124.7475	1388.2663
11	warmup	warmup	63.9	None	None	None	None	None	None	None	123.6174	1511.8941
12	warmup	warmup	64.76	None	None	None	None	None	None	None	126.8082	1638.7136
13	warmup	warmup	65.29	None	None	None	None	None	None	None	123.4917	1762.2156
14	warmup	warmup	67.16	None	None	None	None	None	None	None	126.4409	1888.6677
15	warmup	warmup	67.85	None	None	None	None	None	None	None	124.7889	2013.4669
16	warmup	warmup	68.45	None	None	None	None	None	None	None	125.2970	2138.7774
17	warmup	warmup	68.48	None	None	None	None	None	None	None	127.7055	2266.4937
18	warmup	warmup	69.15	None	None	None	None	None	None	None	125.2914	2391.7956
19	warmup	warmup	71.19	None	None	None	None	None	None	None	157.4860	2549.2928
20	stage_1	0	63.68	86.6	86.6	65.816	72.432	89.816	38.0	0.978	68.8192	2618.1225
21	stage_1	0	65.67	86.6	86.6	65.816	72.432	89.816	38.0	0.978	68.0363	2686.1727
22	stage_1	0	67.62	86.6	86.6	65.816	72.432	89.816	38.0	0.978	68.1583	2754.3435
23	stage_1	0	68.26	86.6	86.6	65.816	72.432	89.816	38.0	0.978	70.5288	2824.8802
24	stage_1	0	69.12	86.6	86.6	65.816	72.432	89.816	38.0	0.978	67.8540	2892.7422
25	stage_1	0	69.59	86.6	86.6	65.816	72.432	89.816	38.0	0.978	68.7424	2961.4944
26	stage_1	0	70.21	86.6	86.6	65.816	72.432	89.816	38.0	0.978	67.9328	3029.4390
27	stage_1	0	70.57	86.6	86.6	65.816	72.432	89.816	38.0	0.978	67.8284	3097.2761
28	stage_1	0	70.62	86.6	86.6	65.816	72.432	89.816	38.0	0.978	68.5633	3165.8476
29	stage_1	0	71.52	86.6	86.6	65.816	72.432	89.816	38.0	0.978	66.9803	3232.8362
30	stage_1	0	70.75	86.6	86.6	65.816	72.432	89.816	38.0	0.978	69.0949	3301.9391
31	stage_1	0	71.46	86.6	86.6	65.816	72.432	89.816	38.0	0.978	68.5973	3370.5449
32	stage_1	0	71.24	86.6	86.6	65.816	72.432	89.816	38.0	0.978	66.9783	3437.5329
33	stage_1	0	71.17	86.6	86.6	65.816	72.432	89.816	38.0	0.978	68.8677	3506.4092
34	stage_1	0	71.66	86.6	86.6	65.816	72.432	89.816	38.0	0.978	67.7886	3574.2061
35	stage_1	0	71.52	86.6	86.6	65.816	72.432	89.816	38.0	0.978	69.0084	3643.2230
36	stage_1	0	71.52	86.6	86.6	65.816	72.432	89.816	38.0	0.978	67.8099	3711.0412
37	stage_1	0	71.97	86.6	86.6	65.816	72.432	89.816	38.0	0.978	67.4299	3778.4795
38	stage_1	0	72.39	86.6	86.6	65.816	72.432	89.816	38.0	0.978	90.3865	3868.8763
39	stage_2	1	72.45	92.789	92.789	70.52	76.226	94.52	38.0	0.979	68.2798	3937.1650
40	stage_2	1	72.84	92.789	92.789	70.52	76.226	94.52	38.0	0.979	70.1848	4007.3579
41	stage_2	1	72.8	92.789	92.789	70.52	76.226	94.52	38.0	0.979	68.0231	4075.3891
42	stage_2	1	73.07	92.789	92.789	70.52	76.226	94.52	38.0	0.979	68.0845	4143.4841
43	stage_2	1	73.53	92.789	92.789	70.52	76.226	94.52	38.0	0.979	68.6966	4212.1893
44	stage_2	1	73.43	92.789	92.789	70.52	76.226	94.52	38.0	0.979	68.1425	4280.3398
45	stage_2	1	73.6	92.789	92.789	70.52	76.226	94.52	38.0	0.979	67.3308	4347.6786
46	stage_2	1	73.89	92.789	92.789	70.52	76.226	94.52	38.0	0.979	68.8134	4416.5008
47	stage_2	1	73.78	92.789	92.789	70.52	76.226	94.52	38.0	0.979	69.7321	4486.2419
48	stage_2	1	74.07	92.789	92.789	70.52	76.226	94.52	38.0	0.979	68.2736	4554.5234
49	stage_2	1	74.63	92.789	92.789	70.52	76.226	94.52	38.0	0.979	68.7489	4623.2877
50	stage_2	1	74.43	92.789	92.789	70.52	76.226	94.52	38.0	0.979	68.7185	4692.0165
51	stage_2	1	74.48	92.789	92.789	70.52	76.226	94.52	38.0	0.979	70.2782	4762.3032
52	stage_2	1	74.51	92.789	92.789	70.52	76.226	94.52	38.0	0.979	70.5046	4832.8161
53	stage_2	1	74.12	92.789	92.789	70.52	76.226	94.52	38.0	0.979	68.4603	4901.2847
54	stage_2	1	74.08	92.789	92.789	70.52	76.226	94.52	38.0	0.979	69.5470	4970.8398
55	stage_2	1	74.22	92.789	92.789	70.52	76.226	94.52	38.0	0.979	69.2415	5040.0896
56	stage_2	1	74.69	92.789	92.789	70.52	76.226	94.52	38.0	0.979	68.6580	5108.7561
57	stage_2	1	74.41	92.789	92.789	70.52	76.226	94.52	38.0	0.979	85.6394	5194.4041
58	stage_3	2	74.45	92.642	92.642	70.408	76.135	94.408	38.0	0.984	68.9867	5263.3990
59	stage_3	2	74.55	92.642	92.642	70.408	76.135	94.408	38.0	0.984	67.9788	5331.3859
60	stage_3	2	74.19	92.642	92.642	70.408	76.135	94.408	38.0	0.984	67.2221	5398.6165
61	stage_3	2	74.98	92.642	92.642	70.408	76.135	94.408	38.0	0.984	67.7000	5466.3247
62	stage_3	2	74.69	92.642	92.642	70.408	76.135	94.408	38.0	0.984	67.9815	5534.3150
63	stage_3	2	74.75	92.642	92.642	70.408	76.135	94.408	38.0	0.984	68.5929	5602.9163
64	stage_3	2	75.16	92.642	92.642	70.408	76.135	94.408	38.0	0.984	70.0804	5673.0083
65	stage_3	2	74.48	92.642	92.642	70.408	76.135	94.408	38.0	0.984	67.8782	5740.8949
66	stage_3	2	74.83	92.642	92.642	70.408	76.135	94.408	38.0	0.984	68.1696	5809.0740
67	stage_3	2	74.97	92.642	92.642	70.408	76.135	94.408	38.0	0.984	68.8079	5877.8920
68	stage_3	2	75.13	92.642	92.642	70.408	76.135	94.408	38.0	0.984	68.5947	5946.4952
69	stage_3	2	75.05	92.642	92.642	70.408	76.135	94.408	38.0	0.984	70.1027	6016.6073
70	stage_3	2	75.17	92.642	92.642	70.408	76.135	94.408	38.0	0.984	68.1639	6084.7803
71	stage_3	2	75.38	92.642	92.642	70.408	76.135	94.408	38.0	0.984	68.4628	6153.2541
72	stage_3	2	75.23	92.642	92.642	70.408	76.135	94.408	38.0	0.984	69.4172	6222.6804
73	stage_3	2	74.96	92.642	92.642	70.408	76.135	94.408	38.0	0.984	68.4572	6291.1465
74	stage_3	2	75.85	92.642	92.642	70.408	76.135	94.408	38.0	0.984	69.3235	6360.4781
75	stage_3	2	75.93	92.642	92.642	70.408	76.135	94.408	38.0	0.984	69.5728	6430.0591
76	stage_3	2	75.63	92.642	92.642	70.408	76.135	94.408	38.0	0.984	83.6595	6513.7276
77	stage_4	3	75.01	92.147	92.147	70.032	75.832	94.032	38.0	0.982	68.1816	6581.9184
78	stage_4	3	75.06	92.147	92.147	70.032	75.832	94.032	38.0	0.982	70.1706	6652.0973
79	stage_4	3	74.92	92.147	92.147	70.032	75.832	94.032	38.0	0.982	68.0172	6720.1233
80	stage_4	3	74.74	92.147	92.147	70.032	75.832	94.032	38.0	0.982	67.3872	6787.5202
81	stage_4	3	74.7	92.147	92.147	70.032	75.832	94.032	38.0	0.982	69.0657	6856.5943
82	stage_4	3	75.27	92.147	92.147	70.032	75.832	94.032	38.0	0.982	68.3470	6924.9500
83	stage_4	3	75.0	92.147	92.147	70.032	75.832	94.032	38.0	0.982	67.8279	6992.7862
84	stage_4	3	75.31	92.147	92.147	70.032	75.832	94.032	38.0	0.982	68.8695	7061.6640
85	stage_4	3	75.25	92.147	92.147	70.032	75.832	94.032	38.0	0.982	69.2940	7130.9665
86	stage_4	3	75.02	92.147	92.147	70.032	75.832	94.032	38.0	0.982	69.5114	7200.4857
87	stage_4	3	75.06	92.147	92.147	70.032	75.832	94.032	38.0	0.982	69.0465	7269.5410
88	stage_4	3	75.07	92.147	92.147	70.032	75.832	94.032	38.0	0.982	69.0446	7338.5927
89	stage_4	3	75.13	92.147	92.147	70.032	75.832	94.032	38.0	0.982	67.3284	7405.9288
90	stage_4	3	75.2	92.147	92.147	70.032	75.832	94.032	38.0	0.982	68.4459	7474.3817
91	stage_4	3	75.0	92.147	92.147	70.032	75.832	94.032	38.0	0.982	69.1682	7543.5650
92	stage_4	3	75.25	92.147	92.147	70.032	75.832	94.032	38.0	0.982	67.4369	7611.0138
93	stage_4	3	75.24	92.147	92.147	70.032	75.832	94.032	38.0	0.982	70.5378	7681.5629
94	stage_4	3	75.1	92.147	92.147	70.032	75.832	94.032	38.0	0.982	69.1997	7750.7741
95	stage_4	3	75.0	92.147	92.147	70.032	75.832	94.032	38.0	0.982	66.7606	7817.5498
