epoch	phase	stage	acc	stage_pure	clean_precision	clean_recall	noisy_precision	noisy_recall	keep_ratio	avg_teacher_similarity	round_time_sec	total_time_sec
0	warmup	warmup	11.35	None	None	None	None	None	None	None	192.3781	192.3849
1	warmup	warmup	83.02	None	None	None	None	None	None	None	192.6951	385.0902
2	warmup	warmup	96.56	None	None	None	None	None	None	None	186.7351	571.8345
3	warmup	warmup	97.84	None	None	None	None	None	None	None	191.9186	763.7621
4	warmup	warmup	98.21	None	None	None	None	None	None	None	192.5502	956.3199
5	warmup	warmup	98.03	None	None	None	None	None	None	None	192.5238	1148.8515
6	warmup	warmup	97.91	None	None	None	None	None	None	None	190.9115	1339.7714
7	warmup	warmup	97.0	None	None	None	None	None	None	None	192.0367	1531.8176
8	warmup	warmup	95.09	None	None	None	None	None	None	None	187.8628	1719.6878
9	warmup	warmup	92.62	None	None	None	None	None	None	None	193.5073	1913.2013
10	warmup	warmup	89.28	None	None	None	None	None	None	None	193.3244	2106.5321
11	warmup	warmup	86.16	None	None	None	None	None	None	None	193.7481	2300.2866
12	warmup	warmup	84.55	None	None	None	None	None	None	None	193.0180	2493.3106
13	warmup	warmup	83.56	None	None	None	None	None	None	None	195.8285	2689.1478
14	warmup	warmup	82.34	None	None	None	None	None	None	None	188.9941	2878.1495
15	warmup	warmup	80.54	None	None	None	None	None	None	None	196.2076	3074.3646
16	warmup	warmup	79.09	None	None	None	None	None	None	None	191.7563	3266.1309
17	warmup	warmup	79.09	None	None	None	None	None	None	None	195.5121	3461.6531
18	warmup	warmup	78.15	None	None	None	None	None	None	None	193.8469	3655.5087
19	warmup	warmup	78.29	None	None	None	None	None	None	None	241.8020	3897.3203
20	stage_1	0	80.85	55.357	55.357	99.643	98.217	19.643	90.0	0.961	181.6461	4078.9754
21	stage_1	0	81.95	55.357	55.357	99.643	98.217	19.643	90.0	0.961	185.7374	4264.7206
22	stage_1	0	81.25	55.357	55.357	99.643	98.217	19.643	90.0	0.961	184.8422	4449.5708
23	stage_1	0	80.3	55.357	55.357	99.643	98.217	19.643	90.0	0.961	183.1589	4632.7405
24	stage_1	0	80.47	55.357	55.357	99.643	98.217	19.643	90.0	0.961	182.2909	4815.0394
25	stage_1	0	79.87	55.357	55.357	99.643	98.217	19.643	90.0	0.961	186.5458	5001.5946
26	stage_1	0	79.27	55.357	55.357	99.643	98.217	19.643	90.0	0.961	179.0927	5180.7029
27	stage_1	0	79.32	55.357	55.357	99.643	98.217	19.643	90.0	0.961	185.5684	5366.2819
28	stage_1	0	79.04	55.357	55.357	99.643	98.217	19.643	90.0	0.961	185.4465	5551.7381
29	stage_1	0	78.14	55.357	55.357	99.643	98.217	19.643	90.0	0.961	184.7841	5736.5302
30	stage_1	0	77.64	55.357	55.357	99.643	98.217	19.643	90.0	0.961	183.3027	5919.8407
31	stage_1	0	77.33	55.357	55.357	99.643	98.217	19.643	90.0	0.961	185.6482	6105.4969
32	stage_1	0	77.73	55.357	55.357	99.643	98.217	19.643	90.0	0.961	181.4056	6286.9105
33	stage_1	0	76.68	55.357	55.357	99.643	98.217	19.643	90.0	0.961	184.5626	6471.4834
34	stage_1	0	76.44	55.357	55.357	99.643	98.217	19.643	90.0	0.961	183.4730	6654.9672
35	stage_1	0	76.72	55.357	55.357	99.643	98.217	19.643	90.0	0.961	185.3299	6840.3077
36	stage_1	0	75.81	55.357	55.357	99.643	98.217	19.643	90.0	0.961	179.6769	7019.9952
37	stage_1	0	75.17	55.357	55.357	99.643	98.217	19.643	90.0	0.961	183.5695	7203.5739
38	stage_1	0	75.6	55.357	55.357	99.643	98.217	19.643	90.0	0.961	216.9027	7420.4871
39	stage_2	1	83.15	63.521	63.521	88.93	81.55	48.93	70.0	0.98	147.4947	7567.9898
40	stage_2	1	79.28	63.521	63.521	88.93	81.55	48.93	70.0	0.98	149.2982	7717.2945
41	stage_2	1	78.49	63.521	63.521	88.93	81.55	48.93	70.0	0.98	144.1254	7861.4266
42	stage_2	1	78.54	63.521	63.521	88.93	81.55	48.93	70.0	0.98	147.4489	8008.8823
43	stage_2	1	78.43	63.521	63.521	88.93	81.55	48.93	70.0	0.98	148.8362	8157.7250
44	stage_2	1	78.71	63.521	63.521	88.93	81.55	48.93	70.0	0.98	144.3652	8302.0969
45	stage_2	1	78.35	63.521	63.521	88.93	81.55	48.93	70.0	0.98	148.6846	8450.7884
46	stage_2	1	78.12	63.521	63.521	88.93	81.55	48.93	70.0	0.98	144.6205	8595.4156
47	stage_2	1	78.82	63.521	63.521	88.93	81.55	48.93	70.0	0.98	154.5753	8749.9977
48	stage_2	1	78.46	63.521	63.521	88.93	81.55	48.93	70.0	0.98	154.7936	8904.7992
49	stage_2	1	78.6	63.521	63.521	88.93	81.55	48.93	70.0	0.98	141.9784	9046.7871
50	stage_2	1	78.8	63.521	63.521	88.93	81.55	48.93	70.0	0.98	114.4103	9161.2085
51	stage_2	1	78.73	63.521	63.521	88.93	81.55	48.93	70.0	0.98	116.1526	9277.3693
52	stage_2	1	79.24	63.521	63.521	88.93	81.55	48.93	70.0	0.98	116.7265	9394.1038
53	stage_2	1	79.07	63.521	63.521	88.93	81.55	48.93	70.0	0.98	114.7745	9508.8866
54	stage_2	1	79.33	63.521	63.521	88.93	81.55	48.93	70.0	0.98	115.0845	9623.9792
55	stage_2	1	79.36	63.521	63.521	88.93	81.55	48.93	70.0	0.98	114.2176	9738.2047
56	stage_2	1	79.45	63.521	63.521	88.93	81.55	48.93	70.0	0.98	114.5328	9852.7453
57	stage_2	1	79.5	63.521	63.521	88.93	81.55	48.93	70.0	0.98	129.0557	9981.8093
58	stage_3	2	84.46	66.031	66.031	79.237	74.046	59.237	60.0	0.993	103.6210	10085.4373
59	stage_3	2	81.2	66.031	66.031	79.237	74.046	59.237	60.0	0.993	103.7863	10189.2308
60	stage_3	2	80.41	66.031	66.031	79.237	74.046	59.237	60.0	0.993	101.7403	10290.9782
61	stage_3	2	80.48	66.031	66.031	79.237	74.046	59.237	60.0	0.993	102.4820	10393.4681
62	stage_3	2	80.64	66.031	66.031	79.237	74.046	59.237	60.0	0.993	102.5071	10495.9821
