epoch	phase	stage	acc	stage_pure	clean_precision	clean_recall	noisy_precision	noisy_recall	keep_ratio	avg_teacher_similarity	round_time_sec	total_time_sec
0	warmup	warmup	19.59	None	None	None	None	None	None	None	241.5210	241.5272
1	warmup	warmup	73.12	None	None	None	None	None	None	None	218.6050	460.1425
2	warmup	warmup	79.61	None	None	None	None	None	None	None	207.2826	667.4379
3	warmup	warmup	82.75	None	None	None	None	None	None	None	216.5388	883.9831
4	warmup	warmup	83.74	None	None	None	None	None	None	None	216.8720	1100.8641
5	warmup	warmup	83.19	None	None	None	None	None	None	None	216.9531	1317.8251
6	warmup	warmup	82.17	None	None	None	None	None	None	None	217.9822	1535.8157
7	warmup	warmup	80.86	None	None	None	None	None	None	None	275.4823	1811.3071
8	stage_1	0	83.86	93.329	93.329	79.978	64.961	86.655	59.994	0.942	171.2112	1982.5265
9	stage_1	0	85.53	93.329	93.329	79.978	64.961	86.655	59.994	0.942	166.8204	2149.3559
10	stage_1	0	85.79	93.329	93.329	79.978	64.961	86.655	59.994	0.942	139.3741	2288.7379
11	stage_1	0	86.23	93.329	93.329	79.978	64.961	86.655	59.994	0.942	139.2768	2428.0239
12	stage_1	0	86.29	93.329	93.329	79.978	64.961	86.655	59.994	0.942	137.5376	2565.5723
13	stage_1	0	86.67	93.329	93.329	79.978	64.961	86.655	59.994	0.942	140.0428	2705.6247
14	stage_1	0	86.91	93.329	93.329	79.978	64.961	86.655	59.994	0.942	137.9833	2843.6181
15	stage_1	0	86.44	93.329	93.329	79.978	64.961	86.655	59.994	0.942	139.0541	2982.6823
16	stage_1	0	86.58	93.329	93.329	79.978	64.961	86.655	59.994	0.942	137.7977	3120.4909
17	stage_1	0	86.64	93.329	93.329	79.978	64.961	86.655	59.994	0.942	139.6729	3260.1707
18	stage_1	0	86.9	93.329	93.329	79.978	64.961	86.655	59.994	0.942	137.9604	3398.1408
19	stage_1	0	86.72	93.329	93.329	79.978	64.961	86.655	59.994	0.942	139.4600	3537.6105
20	stage_1	0	86.55	93.329	93.329	79.978	64.961	86.655	59.994	0.942	137.6558	3675.2759
21	stage_1	0	86.64	93.329	93.329	79.978	64.961	86.655	59.994	0.942	140.0926	3815.3781
22	stage_1	0	86.78	93.329	93.329	79.978	64.961	86.655	59.994	0.942	137.7435	3953.1323
23	stage_1	0	86.57	93.329	93.329	79.978	64.961	86.655	59.994	0.942	140.0387	4093.1807
24	stage_1	0	86.44	93.329	93.329	79.978	64.961	86.655	59.994	0.942	138.2639	4231.4539
25	stage_1	0	86.49	93.329	93.329	79.978	64.961	86.655	59.994	0.942	139.0822	4370.5455
26	stage_1	0	86.64	93.329	93.329	79.978	64.961	86.655	59.994	0.942	137.9331	4508.4885
27	stage_1	0	86.42	93.329	93.329	79.978	64.961	86.655	59.994	0.942	139.9805	4648.4787
28	stage_1	0	86.52	93.329	93.329	79.978	64.961	86.655	59.994	0.942	136.0658	4784.5554
29	stage_1	0	86.32	93.329	93.329	79.978	64.961	86.655	59.994	0.942	175.5161	4960.0812
30	stage_2	1	87.55	95.654	95.654	81.97	68.448	91.306	59.994	0.981	138.3717	5098.4595
31	stage_2	1	87.69	95.654	95.654	81.97	68.448	91.306	59.994	0.981	138.3585	5236.8285
32	stage_2	1	87.99	95.654	95.654	81.97	68.448	91.306	59.994	0.981	139.0207	5375.8615
33	stage_2	1	88.1	95.654	95.654	81.97	68.448	91.306	59.994	0.981	140.0005	5515.8728
34	stage_2	1	88.26	95.654	95.654	81.97	68.448	91.306	59.994	0.981	140.3495	5656.2398
35	stage_2	1	87.96	95.654	95.654	81.97	68.448	91.306	59.994	0.981	139.0954	5795.3470
36	stage_2	1	88.25	95.654	95.654	81.97	68.448	91.306	59.994	0.981	138.6752	5934.0285
37	stage_2	1	88.44	95.654	95.654	81.97	68.448	91.306	59.994	0.981	139.6373	6073.6751
38	stage_2	1	88.48	95.654	95.654	81.97	68.448	91.306	59.994	0.981	137.8087	6211.4940
39	stage_2	1	88.45	95.654	95.654	81.97	68.448	91.306	59.994	0.981	122.5330	6334.0363
40	stage_2	1	88.5	95.654	95.654	81.97	68.448	91.306	59.994	0.981	131.4577	6465.5046
41	stage_2	1	88.7	95.654	95.654	81.97	68.448	91.306	59.994	0.981	133.6190	6599.1331
42	stage_2	1	88.86	95.654	95.654	81.97	68.448	91.306	59.994	0.981	132.1845	6731.3274
43	stage_2	1	88.57	95.654	95.654	81.97	68.448	91.306	59.994	0.981	135.3579	6866.6977
44	stage_2	1	88.66	95.654	95.654	81.97	68.448	91.306	59.994	0.981	132.9752	6999.6825
45	stage_2	1	88.71	95.654	95.654	81.97	68.448	91.306	59.994	0.981	132.5389	7132.2281
46	stage_2	1	88.75	95.654	95.654	81.97	68.448	91.306	59.994	0.981	132.4653	7264.7079
47	stage_2	1	88.95	95.654	95.654	81.97	68.448	91.306	59.994	0.981	132.4378	7397.1529
48	stage_2	1	89.04	95.654	95.654	81.97	68.448	91.306	59.994	0.981	131.9997	7529.1628
49	stage_2	1	88.9	95.654	95.654	81.97	68.448	91.306	59.994	0.981	132.7213	7661.8947
50	stage_2	1	88.88	95.654	95.654	81.97	68.448	91.306	59.994	0.981	131.4694	7793.3736
51	stage_2	1	88.95	95.654	95.654	81.97	68.448	91.306	59.994	0.981	157.3754	7950.7587
52	stage_3	2	88.44	95.782	95.782	82.079	68.639	91.561	59.994	0.995	132.5069	8083.2790
53	stage_3	2	88.89	95.782	95.782	82.079	68.639	91.561	59.994	0.995	133.9104	8217.2036
54	stage_3	2	88.82	95.782	95.782	82.079	68.639	91.561	59.994	0.995	134.6807	8351.8955
55	stage_3	2	88.72	95.782	95.782	82.079	68.639	91.561	59.994	0.995	133.4936	8485.3989
56	stage_3	2	88.68	95.782	95.782	82.079	68.639	91.561	59.994	0.995	132.1795	8617.5922
57	stage_3	2	88.84	95.782	95.782	82.079	68.639	91.561	59.994	0.995	133.2420	8750.8437
58	stage_3	2	88.84	95.782	95.782	82.079	68.639	91.561	59.994	0.995	132.2174	8883.0709
59	stage_3	2	88.91	95.782	95.782	82.079	68.639	91.561	59.994	0.995	133.9396	9017.0220
60	stage_3	2	89.26	95.782	95.782	82.079	68.639	91.561	59.994	0.995	121.4736	9138.5070
61	stage_3	2	89.27	95.782	95.782	82.079	68.639	91.561	59.994	0.995	127.7685	9266.2870
62	stage_3	2	89.26	95.782	95.782	82.079	68.639	91.561	59.994	0.995	126.6054	9392.9026
63	stage_3	2	88.88	95.782	95.782	82.079	68.639	91.561	59.994	0.995	127.7490	9520.6617
64	stage_3	2	89.32	95.782	95.782	82.079	68.639	91.561	59.994	0.995	126.0263	9646.6990
65	stage_3	2	89.2	95.782	95.782	82.079	68.639	91.561	59.994	0.995	128.0277	9774.7362
66	stage_3	2	89.26	95.782	95.782	82.079	68.639	91.561	59.994	0.995	126.3533	9901.0995
67	stage_3	2	89.27	95.782	95.782	82.079	68.639	91.561	59.994	0.995	127.4969	10028.6076
68	stage_3	2	89.44	95.782	95.782	82.079	68.639	91.561	59.994	0.995	126.1803	10154.8004
69	stage_3	2	89.49	95.782	95.782	82.079	68.639	91.561	59.994	0.995	127.3300	10282.1404
70	stage_3	2	89.31	95.782	95.782	82.079	68.639	91.561	59.994	0.995	126.0031	10408.1507
71	stage_3	2	89.42	95.782	95.782	82.079	68.639	91.561	59.994	0.995	127.5653	10535.7239
72	stage_3	2	89.34	95.782	95.782	82.079	68.639	91.561	59.994	0.995	126.2504	10661.9822
73	stage_3	2	89.51	95.782	95.782	82.079	68.639	91.561	59.994	0.995	144.2923	10806.2832
74	stage_4	3	89.07	96.13	96.13	82.378	69.161	92.258	59.994	0.991	126.4372	10932.7305
75	stage_4	3	88.96	96.13	96.13	82.378	69.161	92.258	59.994	0.991	128.2950	11061.0329
76	stage_4	3	88.88	96.13	96.13	82.378	69.161	92.258	59.994	0.991	126.7519	11187.7919
77	stage_4	3	89.11	96.13	96.13	82.378	69.161	92.258	59.994	0.991	126.3216	11314.1209
78	stage_4	3	89.03	96.13	96.13	82.378	69.161	92.258	59.994	0.991	126.2750	11440.4031
79	stage_4	3	89.14	96.13	96.13	82.378	69.161	92.258	59.994	0.991	126.5240	11566.9344
80	stage_4	3	88.94	96.13	96.13	82.378	69.161	92.258	59.994	0.991	126.4393	11693.3812
81	stage_4	3	89.18	96.13	96.13	82.378	69.161	92.258	59.994	0.991	129.0753	11822.4640
82	stage_4	3	89.32	96.13	96.13	82.378	69.161	92.258	59.994	0.991	127.3612	11949.8325
83	stage_4	3	89.27	96.13	96.13	82.378	69.161	92.258	59.994	0.991	130.2079	12080.0474
84	stage_4	3	89.32	96.13	96.13	82.378	69.161	92.258	59.994	0.991	130.6042	12210.6600
85	stage_4	3	89.57	96.13	96.13	82.378	69.161	92.258	59.994	0.991	128.4706	12339.1378
86	stage_4	3	89.27	96.13	96.13	82.378	69.161	92.258	59.994	0.991	129.0643	12468.2093
87	stage_4	3	89.46	96.13	96.13	82.378	69.161	92.258	59.994	0.991	129.0321	12597.2486
88	stage_4	3	89.61	96.13	96.13	82.378	69.161	92.258	59.994	0.991	129.5582	12726.8156
89	stage_4	3	89.68	96.13	96.13	82.378	69.161	92.258	59.994	0.991	131.6496	12858.4753
90	stage_4	3	89.74	96.13	96.13	82.378	69.161	92.258	59.994	0.991	128.9669	12987.4528
91	stage_4	3	89.75	96.13	96.13	82.378	69.161	92.258	59.994	0.991	128.5703	13116.0304
92	stage_4	3	89.7	96.13	96.13	82.378	69.161	92.258	59.994	0.991	130.3432	13246.3828
93	stage_4	3	89.66	96.13	96.13	82.378	69.161	92.258	59.994	0.991	130.4955	13376.8854
94	stage_4	3	89.78	96.13	96.13	82.378	69.161	92.258	59.994	0.991	129.7485	13506.6417
95	stage_4	3	89.9	96.13	96.13	82.378	69.161	92.258	59.994	0.991	129.3718	13636.0210
