epoch	phase	stage	acc	stage_pure	clean_precision	clean_recall	noisy_precision	noisy_recall	keep_ratio	avg_teacher_similarity	round_time_sec	total_time_sec
0	warmup	warmup	1.0	None	None	None	None	None	None	None	126.5353	126.5429
1	warmup	warmup	1.89	None	None	None	None	None	None	None	126.2467	252.7991
2	warmup	warmup	6.86	None	None	None	None	None	None	None	127.0098	379.8321
3	warmup	warmup	10.28	None	None	None	None	None	None	None	127.3672	507.2059
4	warmup	warmup	13.61	None	None	None	None	None	None	None	124.8502	632.0803
5	warmup	warmup	16.14	None	None	None	None	None	None	None	125.1231	757.2125
6	warmup	warmup	17.9	None	None	None	None	None	None	None	127.2561	884.4748
7	warmup	warmup	20.35	None	None	None	None	None	None	None	125.3584	1009.8399
8	warmup	warmup	21.95	None	None	None	None	None	None	None	126.5582	1136.4049
9	warmup	warmup	23.26	None	None	None	None	None	None	None	126.2785	1262.6896
10	warmup	warmup	24.56	None	None	None	None	None	None	None	123.9901	1386.6867
11	warmup	warmup	26.02	None	None	None	None	None	None	None	125.9149	1512.6099
12	warmup	warmup	26.75	None	None	None	None	None	None	None	124.9054	1637.5222
13	warmup	warmup	27.89	None	None	None	None	None	None	None	127.2545	1764.7878
14	warmup	warmup	29.07	None	None	None	None	None	None	None	125.2650	1890.0975
15	warmup	warmup	29.84	None	None	None	None	None	None	None	127.6225	2017.7268
16	warmup	warmup	30.51	None	None	None	None	None	None	None	124.1983	2141.9326
17	warmup	warmup	30.84	None	None	None	None	None	None	None	124.5679	2266.5073
18	warmup	warmup	31.16	None	None	None	None	None	None	None	123.4054	2389.9195
19	warmup	warmup	31.57	None	None	None	None	None	None	None	157.0884	2547.0153
20	stage_1	0	32.41	54.567	54.567	98.22	91.1	18.22	90.0	0.989	117.6374	2664.6596
21	stage_1	0	32.94	54.567	54.567	98.22	91.1	18.22	90.0	0.989	119.3596	2784.0267
22	stage_1	0	32.74	54.567	54.567	98.22	91.1	18.22	90.0	0.989	117.3915	2901.4265
23	stage_1	0	33.27	54.567	54.567	98.22	91.1	18.22	90.0	0.989	117.7231	3019.1575
24	stage_1	0	33.8	54.567	54.567	98.22	91.1	18.22	90.0	0.989	118.7870	3137.9515
25	stage_1	0	33.6	54.567	54.567	98.22	91.1	18.22	90.0	0.989	119.2631	3257.2218
26	stage_1	0	33.17	54.567	54.567	98.22	91.1	18.22	90.0	0.989	117.1977	3374.4267
27	stage_1	0	33.14	54.567	54.567	98.22	91.1	18.22	90.0	0.989	117.8731	3492.3066
28	stage_1	0	33.32	54.567	54.567	98.22	91.1	18.22	90.0	0.989	118.4089	3610.7226
29	stage_1	0	33.2	54.567	54.567	98.22	91.1	18.22	90.0	0.989	119.4493	3730.1784
30	stage_1	0	33.73	54.567	54.567	98.22	91.1	18.22	90.0	0.989	117.9570	3848.1425
31	stage_1	0	33.08	54.567	54.567	98.22	91.1	18.22	90.0	0.989	118.7565	3966.9069
32	stage_1	0	33.35	54.567	54.567	98.22	91.1	18.22	90.0	0.989	117.7323	4084.6473
33	stage_1	0	32.82	54.567	54.567	98.22	91.1	18.22	90.0	0.989	118.1485	4202.8055
34	stage_1	0	33.02	54.567	54.567	98.22	91.1	18.22	90.0	0.989	116.8580	4319.6729
35	stage_1	0	32.58	54.567	54.567	98.22	91.1	18.22	90.0	0.989	119.2027	4438.8838
36	stage_1	0	32.69	54.567	54.567	98.22	91.1	18.22	90.0	0.989	120.9686	4559.8593
37	stage_1	0	32.61	54.567	54.567	98.22	91.1	18.22	90.0	0.989	117.9774	4677.8475
38	stage_1	0	32.53	54.567	54.567	98.22	91.1	18.22	90.0	0.989	145.7719	4823.6275
39	stage_2	1	33.91	62.489	62.489	87.484	79.14	47.484	70.0	0.994	97.5974	4921.2370
40	stage_2	1	34.11	62.489	62.489	87.484	79.14	47.484	70.0	0.994	96.8738	5018.1190
41	stage_2	1	34.43	62.489	62.489	87.484	79.14	47.484	70.0	0.994	96.7184	5114.8457
42	stage_2	1	34.42	62.489	62.489	87.484	79.14	47.484	70.0	0.994	95.5195	5210.3735
43	stage_2	1	34.72	62.489	62.489	87.484	79.14	47.484	70.0	0.994	95.3393	5305.7208
44	stage_2	1	34.7	62.489	62.489	87.484	79.14	47.484	70.0	0.994	95.1848	5400.9140
45	stage_2	1	34.34	62.489	62.489	87.484	79.14	47.484	70.0	0.994	96.4405	5497.3629
46	stage_2	1	33.96	62.489	62.489	87.484	79.14	47.484	70.0	0.994	99.0901	5596.5400
47	stage_2	1	34.51	62.489	62.489	87.484	79.14	47.484	70.0	0.994	94.9223	5691.4703
48	stage_2	1	34.26	62.489	62.489	87.484	79.14	47.484	70.0	0.994	96.5361	5788.0148
49	stage_2	1	34.65	62.489	62.489	87.484	79.14	47.484	70.0	0.994	97.1987	5885.2758
50	stage_2	1	34.35	62.489	62.489	87.484	79.14	47.484	70.0	0.994	95.7715	5981.0559
51	stage_2	1	34.55	62.489	62.489	87.484	79.14	47.484	70.0	0.994	98.2623	6079.3271
52	stage_2	1	34.08	62.489	62.489	87.484	79.14	47.484	70.0	0.994	96.3212	6175.6570
53	stage_2	1	34.11	62.489	62.489	87.484	79.14	47.484	70.0	0.994	96.7749	6272.4404
54	stage_2	1	34.56	62.489	62.489	87.484	79.14	47.484	70.0	0.994	98.7817	6371.2305
55	stage_2	1	34.26	62.489	62.489	87.484	79.14	47.484	70.0	0.994	97.2240	6468.4636
56	stage_2	1	33.86	62.489	62.489	87.484	79.14	47.484	70.0	0.994	95.7563	6564.2282
57	stage_2	1	33.83	62.489	62.489	87.484	79.14	47.484	70.0	0.994	113.9779	6678.2146
58	stage_3	2	35.46	66.387	66.387	79.664	74.58	59.664	60.0	0.995	86.7622	6764.9867
59	stage_3	2	35.18	66.387	66.387	79.664	74.58	59.664	60.0	0.995	89.2156	6854.2109
60	stage_3	2	35.31	66.387	66.387	79.664	74.58	59.664	60.0	0.995	87.7226	6941.9420
61	stage_3	2	35.22	66.387	66.387	79.664	74.58	59.664	60.0	0.995	87.1642	7029.1149
62	stage_3	2	35.41	66.387	66.387	79.664	74.58	59.664	60.0	0.995	88.1381	7117.2615
63	stage_3	2	35.55	66.387	66.387	79.664	74.58	59.664	60.0	0.995	87.6680	7204.9382
64	stage_3	2	35.93	66.387	66.387	79.664	74.58	59.664	60.0	0.995	88.1372	7293.0843
65	stage_3	2	35.97	66.387	66.387	79.664	74.58	59.664	60.0	0.995	88.1868	7381.2807
66	stage_3	2	35.48	66.387	66.387	79.664	74.58	59.664	60.0	0.995	86.4306	7467.7199
67	stage_3	2	35.23	66.387	66.387	79.664	74.58	59.664	60.0	0.995	86.4725	7554.2011
68	stage_3	2	35.59	66.387	66.387	79.664	74.58	59.664	60.0	0.995	85.2601	7639.4697
69	stage_3	2	35.51	66.387	66.387	79.664	74.58	59.664	60.0	0.995	91.0779	7730.5564
70	stage_3	2	35.65	66.387	66.387	79.664	74.58	59.664	60.0	0.995	85.7212	7816.2865
71	stage_3	2	35.69	66.387	66.387	79.664	74.58	59.664	60.0	0.995	86.6475	7902.9430
72	stage_3	2	35.95	66.387	66.387	79.664	74.58	59.664	60.0	0.995	88.1806	7991.1323
73	stage_3	2	35.25	66.387	66.387	79.664	74.58	59.664	60.0	0.995	89.1661	8080.3066
74	stage_3	2	35.14	66.387	66.387	79.664	74.58	59.664	60.0	0.995	87.3208	8167.6362
75	stage_3	2	35.67	66.387	66.387	79.664	74.58	59.664	60.0	0.995	86.6249	8254.2695
76	stage_3	2	35.69	66.387	66.387	79.664	74.58	59.664	60.0	0.995	101.4911	8355.7693
77	stage_4	3	36.47	70.128	70.128	70.128	70.128	70.128	50.0	0.995	77.3278	8433.1069
78	stage_4	3	36.27	70.128	70.128	70.128	70.128	70.128	50.0	0.995	77.8747	8510.9901
79	stage_4	3	36.15	70.128	70.128	70.128	70.128	70.128	50.0	0.995	78.8477	8589.8463
80	stage_4	3	36.58	70.128	70.128	70.128	70.128	70.128	50.0	0.995	78.8063	8668.6614
81	stage_4	3	36.73	70.128	70.128	70.128	70.128	70.128	50.0	0.995	77.7998	8746.4695
82	stage_4	3	36.53	70.128	70.128	70.128	70.128	70.128	50.0	0.995	79.1563	8825.6346
83	stage_4	3	36.72	70.128	70.128	70.128	70.128	70.128	50.0	0.995	81.0427	8906.6860
84	stage_4	3	36.37	70.128	70.128	70.128	70.128	70.128	50.0	0.995	77.3334	8984.0279
85	stage_4	3	36.47	70.128	70.128	70.128	70.128	70.128	50.0	0.995	78.2905	9062.3278
86	stage_4	3	36.69	70.128	70.128	70.128	70.128	70.128	50.0	0.995	79.8056	9142.1420
87	stage_4	3	36.62	70.128	70.128	70.128	70.128	70.128	50.0	0.995	80.4544	9222.6055
88	stage_4	3	36.78	70.128	70.128	70.128	70.128	70.128	50.0	0.995	77.7662	9300.3801
89	stage_4	3	36.85	70.128	70.128	70.128	70.128	70.128	50.0	0.995	77.8656	9378.2543
90	stage_4	3	36.82	70.128	70.128	70.128	70.128	70.128	50.0	0.995	79.3105	9457.5734
91	stage_4	3	36.91	70.128	70.128	70.128	70.128	70.128	50.0	0.995	81.5575	9539.1397
92	stage_4	3	36.7	70.128	70.128	70.128	70.128	70.128	50.0	0.995	82.4324	9621.5806
93	stage_4	3	36.78	70.128	70.128	70.128	70.128	70.128	50.0	0.995	79.3422	9700.9313
94	stage_4	3	36.73	70.128	70.128	70.128	70.128	70.128	50.0	0.995	80.5582	9781.4988
95	stage_4	3	36.28	70.128	70.128	70.128	70.128	70.128	50.0	0.995	79.2702	9860.7773
