epoch	phase	stage	acc	stage_pure	clean_precision	clean_recall	noisy_precision	noisy_recall	keep_ratio	avg_teacher_similarity	round_time_sec	total_time_sec
0	warmup	warmup	1.0	None	None	None	None	None	None	None	42.6679	42.6740
1	warmup	warmup	1.0	None	None	None	None	None	None	None	40.5392	83.2220
2	warmup	warmup	1.94	None	None	None	None	None	None	None	40.4111	123.6394
3	warmup	warmup	3.72	None	None	None	None	None	None	None	40.4482	164.0968
4	warmup	warmup	4.36	None	None	None	None	None	None	None	41.7635	205.8665
5	warmup	warmup	5.08	None	None	None	None	None	None	None	43.1621	249.0374
6	warmup	warmup	5.0	None	None	None	None	None	None	None	42.4681	291.5117
7	warmup	warmup	5.19	None	None	None	None	None	None	None	93.5384	385.0579
8	stage_1	0	6.3	72.5	72.5	72.5	35.833	35.833	70.0	0.956	32.3450	417.4106
9	stage_1	0	8.63	72.5	72.5	72.5	35.833	35.833	70.0	0.956	33.1996	450.6167
10	stage_1	0	9.11	72.5	72.5	72.5	35.833	35.833	70.0	0.956	31.4938	482.1182
11	stage_1	0	9.7	72.5	72.5	72.5	35.833	35.833	70.0	0.956	32.9913	515.1156
12	stage_1	0	10.57	72.5	72.5	72.5	35.833	35.833	70.0	0.956	33.4388	548.5630
13	stage_1	0	10.2	72.5	72.5	72.5	35.833	35.833	70.0	0.956	32.1723	580.7415
14	stage_1	0	12.07	72.5	72.5	72.5	35.833	35.833	70.0	0.956	31.7534	612.5027
15	stage_1	0	11.89	72.5	72.5	72.5	35.833	35.833	70.0	0.956	32.0296	644.5439
16	stage_1	0	12.55	72.5	72.5	72.5	35.833	35.833	70.0	0.956	32.3919	676.9437
17	stage_1	0	13.55	72.5	72.5	72.5	35.833	35.833	70.0	0.956	32.9291	709.8795
18	stage_1	0	13.41	72.5	72.5	72.5	35.833	35.833	70.0	0.956	31.1787	741.0662
19	stage_1	0	13.39	72.5	72.5	72.5	35.833	35.833	70.0	0.956	30.3028	771.3752
20	stage_1	0	13.99	72.5	72.5	72.5	35.833	35.833	70.0	0.956	34.5569	805.9401
21	stage_1	0	15.34	72.5	72.5	72.5	35.833	35.833	70.0	0.956	32.8097	838.7564
22	stage_1	0	14.79	72.5	72.5	72.5	35.833	35.833	70.0	0.956	30.9279	869.6924
23	stage_1	0	15.75	72.5	72.5	72.5	35.833	35.833	70.0	0.956	32.4596	902.1586
24	stage_1	0	16.43	72.5	72.5	72.5	35.833	35.833	70.0	0.956	32.4128	934.5791
25	stage_1	0	16.83	72.5	72.5	72.5	35.833	35.833	70.0	0.956	32.6375	967.2256
26	stage_1	0	17.32	72.5	72.5	72.5	35.833	35.833	70.0	0.956	31.4679	998.7014
27	stage_1	0	17.51	72.5	72.5	72.5	35.833	35.833	70.0	0.956	32.3767	1031.0843
28	stage_1	0	18.44	72.5	72.5	72.5	35.833	35.833	70.0	0.956	32.1903	1063.2826
29	stage_1	0	18.03	72.5	72.5	72.5	35.833	35.833	70.0	0.956	75.7433	1139.0333
30	stage_2	1	18.93	81.08	81.08	81.08	55.853	55.853	70.0	0.974	31.4091	1170.4503
31	stage_2	1	20.02	81.08	81.08	81.08	55.853	55.853	70.0	0.974	31.5739	1202.0311
32	stage_2	1	20.64	81.08	81.08	81.08	55.853	55.853	70.0	0.974	29.2879	1231.3284
33	stage_2	1	21.26	81.08	81.08	81.08	55.853	55.853	70.0	0.974	33.4314	1264.7679
34	stage_2	1	21.73	81.08	81.08	81.08	55.853	55.853	70.0	0.974	33.6833	1298.4585
35	stage_2	1	22.2	81.08	81.08	81.08	55.853	55.853	70.0	0.974	33.0100	1331.4763
36	stage_2	1	21.91	81.08	81.08	81.08	55.853	55.853	70.0	0.974	32.4350	1363.9180
37	stage_2	1	22.41	81.08	81.08	81.08	55.853	55.853	70.0	0.974	32.5177	1396.4436
38	stage_2	1	23.18	81.08	81.08	81.08	55.853	55.853	70.0	0.974	32.7836	1429.2339
39	stage_2	1	23.46	81.08	81.08	81.08	55.853	55.853	70.0	0.974	33.8739	1463.1155
40	stage_2	1	24.43	81.08	81.08	81.08	55.853	55.853	70.0	0.974	32.8335	1495.9583
41	stage_2	1	24.14	81.08	81.08	81.08	55.853	55.853	70.0	0.974	33.7194	1529.6857
42	stage_2	1	24.61	81.08	81.08	81.08	55.853	55.853	70.0	0.974	31.9873	1561.6796
43	stage_2	1	25.31	81.08	81.08	81.08	55.853	55.853	70.0	0.974	33.2120	1594.8994
44	stage_2	1	25.03	81.08	81.08	81.08	55.853	55.853	70.0	0.974	31.8936	1626.7996
45	stage_2	1	26.11	81.08	81.08	81.08	55.853	55.853	70.0	0.974	32.1135	1658.9216
46	stage_2	1	26.51	81.08	81.08	81.08	55.853	55.853	70.0	0.974	33.0646	1691.9929
47	stage_2	1	25.8	81.08	81.08	81.08	55.853	55.853	70.0	0.974	35.2582	1727.2589
48	stage_2	1	26.55	81.08	81.08	81.08	55.853	55.853	70.0	0.974	32.5833	1759.8491
49	stage_2	1	27.27	81.08	81.08	81.08	55.853	55.853	70.0	0.974	31.9341	1791.7924
50	stage_2	1	27.61	81.08	81.08	81.08	55.853	55.853	70.0	0.974	32.6085	1824.4135
51	stage_2	1	27.82	81.08	81.08	81.08	55.853	55.853	70.0	0.974	65.2196	1889.6416
52	stage_3	2	28.47	84.14	84.14	84.14	62.993	62.993	70.0	0.984	31.6783	1921.3282
53	stage_3	2	29.11	84.14	84.14	84.14	62.993	62.993	70.0	0.984	32.1273	1953.4625
54	stage_3	2	29.08	84.14	84.14	84.14	62.993	62.993	70.0	0.984	31.7241	1985.1959
55	stage_3	2	29.39	84.14	84.14	84.14	62.993	62.993	70.0	0.984	32.4402	2017.6434
56	stage_3	2	29.56	84.14	84.14	84.14	62.993	62.993	70.0	0.984	30.5081	2048.1668
57	stage_3	2	30.05	84.14	84.14	84.14	62.993	62.993	70.0	0.984	32.1876	2080.3651
58	stage_3	2	30.86	84.14	84.14	84.14	62.993	62.993	70.0	0.984	32.3580	2112.7313
59	stage_3	2	30.66	84.14	84.14	84.14	62.993	62.993	70.0	0.984	32.2023	2144.9405
60	stage_3	2	30.93	84.14	84.14	84.14	62.993	62.993	70.0	0.984	33.9083	2178.8617
61	stage_3	2	31.27	84.14	84.14	84.14	62.993	62.993	70.0	0.984	31.9316	2210.8003
62	stage_3	2	31.42	84.14	84.14	84.14	62.993	62.993	70.0	0.984	31.8950	2242.7032
63	stage_3	2	31.63	84.14	84.14	84.14	62.993	62.993	70.0	0.984	31.6136	2274.3236
64	stage_3	2	32.63	84.14	84.14	84.14	62.993	62.993	70.0	0.984	31.7722	2306.1042
65	stage_3	2	32.37	84.14	84.14	84.14	62.993	62.993	70.0	0.984	32.6637	2338.7778
66	stage_3	2	32.52	84.14	84.14	84.14	62.993	62.993	70.0	0.984	31.4806	2370.2670
67	stage_3	2	33.59	84.14	84.14	84.14	62.993	62.993	70.0	0.984	31.3817	2401.6568
68	stage_3	2	33.4	84.14	84.14	84.14	62.993	62.993	70.0	0.984	32.0247	2433.6913
69	stage_3	2	33.46	84.14	84.14	84.14	62.993	62.993	70.0	0.984	32.4108	2466.1092
70	stage_3	2	33.64	84.14	84.14	84.14	62.993	62.993	70.0	0.984	27.4233	2493.5404
71	stage_3	2	34.26	84.14	84.14	84.14	62.993	62.993	70.0	0.984	31.7888	2525.3415
72	stage_3	2	34.41	84.14	84.14	84.14	62.993	62.993	70.0	0.984	34.2106	2559.5593
73	stage_3	2	34.34	84.14	84.14	84.14	62.993	62.993	70.0	0.984	55.2598	2614.8280
74	stage_4	3	34.68	85.074	85.074	85.074	65.173	65.173	70.0	0.987	33.1544	2647.9905
75	stage_4	3	35.25	85.074	85.074	85.074	65.173	65.173	70.0	0.987	32.5989	2680.5984
76	stage_4	3	35.51	85.074	85.074	85.074	65.173	65.173	70.0	0.987	32.8882	2713.5278
77	stage_4	3	35.97	85.074	85.074	85.074	65.173	65.173	70.0	0.987	32.4474	2745.9833
78	stage_4	3	36.31	85.074	85.074	85.074	65.173	65.173	70.0	0.987	29.9082	2775.8984
79	stage_4	3	35.96	85.074	85.074	85.074	65.173	65.173	70.0	0.987	32.9741	2808.8804
80	stage_4	3	36.72	85.074	85.074	85.074	65.173	65.173	70.0	0.987	35.0536	2843.9428
81	stage_4	3	37.13	85.074	85.074	85.074	65.173	65.173	70.0	0.987	32.9545	2876.9050
82	stage_4	3	37.37	85.074	85.074	85.074	65.173	65.173	70.0	0.987	32.7751	2909.6868
83	stage_4	3	36.81	85.074	85.074	85.074	65.173	65.173	70.0	0.987	32.5975	2942.2924
84	stage_4	3	37.26	85.074	85.074	85.074	65.173	65.173	70.0	0.987	32.8012	2975.1025
85	stage_4	3	37.77	85.074	85.074	85.074	65.173	65.173	70.0	0.987	32.3744	3007.4852
86	stage_4	3	38.22	85.074	85.074	85.074	65.173	65.173	70.0	0.987	32.1554	3039.6478
87	stage_4	3	38.39	85.074	85.074	85.074	65.173	65.173	70.0	0.987	32.6497	3072.3078
88	stage_4	3	38.31	85.074	85.074	85.074	65.173	65.173	70.0	0.987	29.0541	3101.3689
89	stage_4	3	38.61	85.074	85.074	85.074	65.173	65.173	70.0	0.987	33.1454	3134.5225
90	stage_4	3	38.65	85.074	85.074	85.074	65.173	65.173	70.0	0.987	33.1995	3167.7316
91	stage_4	3	38.75	85.074	85.074	85.074	65.173	65.173	70.0	0.987	33.1636	3200.9021
92	stage_4	3	38.84	85.074	85.074	85.074	65.173	65.173	70.0	0.987	34.5618	3235.4749
93	stage_4	3	39.33	85.074	85.074	85.074	65.173	65.173	70.0	0.987	33.0486	3268.5328
94	stage_4	3	39.25	85.074	85.074	85.074	65.173	65.173	70.0	0.987	33.1751	3301.7165
95	stage_4	3	39.05	85.074	85.074	85.074	65.173	65.173	70.0	0.987	34.2897	3336.0138
