epoch	phase	stage	acc	stage_pure	clean_precision	clean_recall	noisy_precision	noisy_recall	keep_ratio	avg_teacher_similarity	round_time_sec	total_time_sec
0	warmup	warmup	10.0	None	None	None	None	None	None	None	60.8006	60.8072
1	warmup	warmup	13.41	None	None	None	None	None	None	None	59.6540	120.4687
2	warmup	warmup	25.77	None	None	None	None	None	None	None	59.6486	180.1263
3	warmup	warmup	34.17	None	None	None	None	None	None	None	61.9126	242.0451
4	warmup	warmup	36.89	None	None	None	None	None	None	None	59.7078	301.7644
5	warmup	warmup	41.55	None	None	None	None	None	None	None	59.4122	361.1828
6	warmup	warmup	41.45	None	None	None	None	None	None	None	59.8994	421.0887
7	warmup	warmup	43.74	None	None	None	None	None	None	None	60.4778	481.5727
8	warmup	warmup	45.39	None	None	None	None	None	None	None	59.8567	541.4359
9	warmup	warmup	45.42	None	None	None	None	None	None	None	60.6191	602.0616
10	warmup	warmup	47.71	None	None	None	None	None	None	None	88.6394	690.7073
11	warmup	warmup	47.87	None	None	None	None	None	None	None	59.8426	750.5566
12	warmup	warmup	48.82	None	None	None	None	None	None	None	78.6188	829.1819
13	warmup	warmup	49.66	None	None	None	None	None	None	None	93.3380	922.5262
14	warmup	warmup	50.62	None	None	None	None	None	None	None	95.4573	1017.9898
15	warmup	warmup	52.3	None	None	None	None	None	None	None	95.4837	1113.4813
16	warmup	warmup	52.0	None	None	None	None	None	None	None	96.0256	1209.5161
17	warmup	warmup	51.65	None	None	None	None	None	None	None	93.4746	1302.9998
18	warmup	warmup	51.5	None	None	None	None	None	None	None	94.6565	1397.6664
19	warmup	warmup	53.09	None	None	None	None	None	None	None	149.8646	1547.5401
20	stage_1	0	54.19	54.311	54.311	97.76	88.8	17.76	90.0	0.977	93.8108	1641.3602
21	stage_1	0	54.5	54.311	54.311	97.76	88.8	17.76	90.0	0.977	93.4399	1734.8084
22	stage_1	0	54.58	54.311	54.311	97.76	88.8	17.76	90.0	0.977	94.9580	1829.7743
23	stage_1	0	53.33	54.311	54.311	97.76	88.8	17.76	90.0	0.977	94.8165	1924.5988
24	stage_1	0	54.39	54.311	54.311	97.76	88.8	17.76	90.0	0.977	94.2330	2018.8398
25	stage_1	0	54.76	54.311	54.311	97.76	88.8	17.76	90.0	0.977	93.1160	2111.9636
26	stage_1	0	54.03	54.311	54.311	97.76	88.8	17.76	90.0	0.977	92.7310	2204.7027
27	stage_1	0	53.73	54.311	54.311	97.76	88.8	17.76	90.0	0.977	93.9563	2298.6670
28	stage_1	0	54.15	54.311	54.311	97.76	88.8	17.76	90.0	0.977	92.0138	2390.6886
29	stage_1	0	52.44	54.311	54.311	97.76	88.8	17.76	90.0	0.977	92.2995	2482.9960
30	stage_1	0	52.9	54.311	54.311	97.76	88.8	17.76	90.0	0.977	92.8915	2575.8953
31	stage_1	0	53.2	54.311	54.311	97.76	88.8	17.76	90.0	0.977	93.8009	2669.7040
32	stage_1	0	52.2	54.311	54.311	97.76	88.8	17.76	90.0	0.977	81.5088	2751.2221
33	stage_1	0	51.43	54.311	54.311	97.76	88.8	17.76	90.0	0.977	72.6642	2823.8943
34	stage_1	0	51.55	54.311	54.311	97.76	88.8	17.76	90.0	0.977	72.9238	2896.8261
35	stage_1	0	50.3	54.311	54.311	97.76	88.8	17.76	90.0	0.977	73.1054	2969.9395
36	stage_1	0	50.1	54.311	54.311	97.76	88.8	17.76	90.0	0.977	74.2459	3044.1984
37	stage_1	0	49.67	54.311	54.311	97.76	88.8	17.76	90.0	0.977	73.7118	3117.9198
38	stage_1	0	49.21	54.311	54.311	97.76	88.8	17.76	90.0	0.977	96.6763	3214.6041
39	stage_2	1	51.14	60.043	60.043	84.06	73.433	44.06	70.0	0.974	66.6424	3281.2554
40	stage_2	1	51.16	60.043	60.043	84.06	73.433	44.06	70.0	0.974	64.5343	3345.7978
41	stage_2	1	50.38	60.043	60.043	84.06	73.433	44.06	70.0	0.974	64.3112	3410.1171
42	stage_2	1	50.77	60.043	60.043	84.06	73.433	44.06	70.0	0.974	67.0811	3477.2063
43	stage_2	1	49.08	60.043	60.043	84.06	73.433	44.06	70.0	0.974	64.3320	3541.5467
44	stage_2	1	49.19	60.043	60.043	84.06	73.433	44.06	70.0	0.974	63.5608	3605.1156
45	stage_2	1	47.72	60.043	60.043	84.06	73.433	44.06	70.0	0.974	64.8472	3669.9710
46	stage_2	1	49.0	60.043	60.043	84.06	73.433	44.06	70.0	0.974	63.5354	3733.5155
47	stage_2	1	48.19	60.043	60.043	84.06	73.433	44.06	70.0	0.974	64.1875	3797.7124
48	stage_2	1	48.25	60.043	60.043	84.06	73.433	44.06	70.0	0.974	65.1642	3862.8850
49	stage_2	1	47.11	60.043	60.043	84.06	73.433	44.06	70.0	0.974	63.9090	3926.8048
50	stage_2	1	47.15	60.043	60.043	84.06	73.433	44.06	70.0	0.974	73.5661	4000.3826
51	stage_2	1	46.39	60.043	60.043	84.06	73.433	44.06	70.0	0.974	65.8631	4066.2568
52	stage_2	1	46.58	60.043	60.043	84.06	73.433	44.06	70.0	0.974	64.0853	4130.3533
53	stage_2	1	45.96	60.043	60.043	84.06	73.433	44.06	70.0	0.974	64.1485	4194.5129
54	stage_2	1	45.38	60.043	60.043	84.06	73.433	44.06	70.0	0.974	64.3531	4258.8773
55	stage_2	1	45.53	60.043	60.043	84.06	73.433	44.06	70.0	0.974	64.9168	4323.8020
56	stage_2	1	44.51	60.043	60.043	84.06	73.433	44.06	70.0	0.974	63.3837	4387.1942
57	stage_2	1	45.26	60.043	60.043	84.06	73.433	44.06	70.0	0.974	79.9436	4467.1489
58	stage_3	2	46.45	62.63	62.63	75.156	68.945	55.156	60.0	0.979	63.0384	4530.1953
59	stage_3	2	46.19	62.63	62.63	75.156	68.945	55.156	60.0	0.979	63.4241	4593.6281
60	stage_3	2	45.43	62.63	62.63	75.156	68.945	55.156	60.0	0.979	63.2145	4656.8511
61	stage_3	2	45.64	62.63	62.63	75.156	68.945	55.156	60.0	0.979	63.3431	4720.2031
62	stage_3	2	45.85	62.63	62.63	75.156	68.945	55.156	60.0	0.979	64.6857	4784.8973
63	stage_3	2	45.53	62.63	62.63	75.156	68.945	55.156	60.0	0.979	64.8287	4849.7344
64	stage_3	2	45.28	62.63	62.63	75.156	68.945	55.156	60.0	0.979	66.1136	4915.8567
65	stage_3	2	44.6	62.63	62.63	75.156	68.945	55.156	60.0	0.979	63.4295	4979.2950
66	stage_3	2	45.31	62.63	62.63	75.156	68.945	55.156	60.0	0.979	63.6950	5042.9985
67	stage_3	2	44.9	62.63	62.63	75.156	68.945	55.156	60.0	0.979	63.8834	5106.8906
68	stage_3	2	45.35	62.63	62.63	75.156	68.945	55.156	60.0	0.979	64.6143	5171.5134
69	stage_3	2	44.78	62.63	62.63	75.156	68.945	55.156	60.0	0.979	69.5728	5241.0952
70	stage_3	2	44.72	62.63	62.63	75.156	68.945	55.156	60.0	0.979	68.3814	5309.4867
71	stage_3	2	43.98	62.63	62.63	75.156	68.945	55.156	60.0	0.979	65.8042	5375.3019
72	stage_3	2	44.26	62.63	62.63	75.156	68.945	55.156	60.0	0.979	63.2735	5438.5872
73	stage_3	2	44.55	62.63	62.63	75.156	68.945	55.156	60.0	0.979	63.8205	5502.4189
74	stage_3	2	44.13	62.63	62.63	75.156	68.945	55.156	60.0	0.979	63.0250	5565.4554
75	stage_3	2	44.31	62.63	62.63	75.156	68.945	55.156	60.0	0.979	64.5097	5629.9764
76	stage_3	2	43.78	62.63	62.63	75.156	68.945	55.156	60.0	0.979	78.5071	5708.4953
77	stage_4	3	45.45	63.72	63.72	63.72	63.72	63.72	50.0	0.986	63.3550	5771.8603
78	stage_4	3	44.77	63.72	63.72	63.72	63.72	63.72	50.0	0.986	64.2069	5836.0782
79	stage_4	3	44.48	63.72	63.72	63.72	63.72	63.72	50.0	0.986	63.7901	5899.8796
80	stage_4	3	45.21	63.72	63.72	63.72	63.72	63.72	50.0	0.986	64.9306	5964.8216
81	stage_4	3	44.62	63.72	63.72	63.72	63.72	63.72	50.0	0.986	63.9019	6028.7318
82	stage_4	3	44.42	63.72	63.72	63.72	63.72	63.72	50.0	0.986	65.8083	6094.5486
83	stage_4	3	44.83	63.72	63.72	63.72	63.72	63.72	50.0	0.986	63.7158	6158.2729
84	stage_4	3	43.88	63.72	63.72	63.72	63.72	63.72	50.0	0.986	63.7880	6222.0721
85	stage_4	3	44.82	63.72	63.72	63.72	63.72	63.72	50.0	0.986	64.1407	6286.2238
86	stage_4	3	44.81	63.72	63.72	63.72	63.72	63.72	50.0	0.986	64.1668	6350.4017
87	stage_4	3	44.39	63.72	63.72	63.72	63.72	63.72	50.0	0.986	63.7898	6414.2014
88	stage_4	3	44.05	63.72	63.72	63.72	63.72	63.72	50.0	0.986	64.0174	6478.2298
89	stage_4	3	44.6	63.72	63.72	63.72	63.72	63.72	50.0	0.986	69.2653	6547.5086
90	stage_4	3	43.51	63.72	63.72	63.72	63.72	63.72	50.0	0.986	63.0880	6610.6049
91	stage_4	3	44.42	63.72	63.72	63.72	63.72	63.72	50.0	0.986	64.0885	6674.7025
92	stage_4	3	44.5	63.72	63.72	63.72	63.72	63.72	50.0	0.986	64.1858	6738.8968
93	stage_4	3	44.06	63.72	63.72	63.72	63.72	63.72	50.0	0.986	64.7181	6803.6234
94	stage_4	3	43.48	63.72	63.72	63.72	63.72	63.72	50.0	0.986	64.7148	6868.3468
95	stage_4	3	43.33	63.72	63.72	63.72	63.72	63.72	50.0	0.986	64.1833	6932.5382
