epoch	phase	stage	acc	stage_pure	clean_precision	clean_recall	noisy_precision	noisy_recall	keep_ratio	avg_teacher_similarity	round_time_sec	total_time_sec
0	warmup	warmup	1.0	None	None	None	None	None	None	None	51.5089	51.5187
1	warmup	warmup	2.09	None	None	None	None	None	None	None	48.6500	100.1790
2	warmup	warmup	4.56	None	None	None	None	None	None	None	48.8121	149.0044
3	warmup	warmup	7.25	None	None	None	None	None	None	None	48.7179	197.7497
4	warmup	warmup	9.13	None	None	None	None	None	None	None	48.5364	246.3061
5	warmup	warmup	10.11	None	None	None	None	None	None	None	48.4518	294.7854
6	warmup	warmup	11.9	None	None	None	None	None	None	None	48.5162	343.3134
7	warmup	warmup	13.31	None	None	None	None	None	None	None	108.1066	451.4610
8	stage_1	0	11.69	84.47	84.47	72.403	51.705	68.94	60.0	0.962	38.7973	490.2825
9	stage_1	0	13.0	84.47	84.47	72.403	51.705	68.94	60.0	0.962	36.8694	527.1756
10	stage_1	0	13.99	84.47	84.47	72.403	51.705	68.94	60.0	0.962	36.9128	564.1136
11	stage_1	0	15.53	84.47	84.47	72.403	51.705	68.94	60.0	0.962	37.3346	601.4671
12	stage_1	0	16.56	84.47	84.47	72.403	51.705	68.94	60.0	0.962	37.6529	639.1445
13	stage_1	0	17.09	84.47	84.47	72.403	51.705	68.94	60.0	0.962	37.0386	676.1911
14	stage_1	0	18.07	84.47	84.47	72.403	51.705	68.94	60.0	0.962	37.5296	713.7748
15	stage_1	0	18.49	84.47	84.47	72.403	51.705	68.94	60.0	0.962	37.3184	751.1048
16	stage_1	0	18.95	84.47	84.47	72.403	51.705	68.94	60.0	0.962	37.1309	788.2633
17	stage_1	0	19.73	84.47	84.47	72.403	51.705	68.94	60.0	0.962	37.5546	825.8643
18	stage_1	0	20.36	84.47	84.47	72.403	51.705	68.94	60.0	0.962	36.9703	862.8498
19	stage_1	0	20.84	84.47	84.47	72.403	51.705	68.94	60.0	0.962	34.9393	897.8148
20	stage_1	0	21.6	84.47	84.47	72.403	51.705	68.94	60.0	0.962	36.4685	934.2899
21	stage_1	0	21.93	84.47	84.47	72.403	51.705	68.94	60.0	0.962	38.2517	972.5740
22	stage_1	0	22.56	84.47	84.47	72.403	51.705	68.94	60.0	0.962	37.0633	1009.6554
23	stage_1	0	22.74	84.47	84.47	72.403	51.705	68.94	60.0	0.962	37.3904	1047.0829
24	stage_1	0	23.48	84.47	84.47	72.403	51.705	68.94	60.0	0.962	36.9393	1084.0548
25	stage_1	0	23.73	84.47	84.47	72.403	51.705	68.94	60.0	0.962	37.1297	1121.2111
26	stage_1	0	24.06	84.47	84.47	72.403	51.705	68.94	60.0	0.962	37.1010	1158.3436
27	stage_1	0	24.91	84.47	84.47	72.403	51.705	68.94	60.0	0.962	37.0356	1195.3967
28	stage_1	0	24.89	84.47	84.47	72.403	51.705	68.94	60.0	0.962	37.3788	1232.7881
29	stage_1	0	25.5	84.47	84.47	72.403	51.705	68.94	60.0	0.962	84.9867	1317.8073
30	stage_2	1	26.64	89.857	89.857	77.02	59.785	79.713	60.0	0.985	37.0436	1354.8997
31	stage_2	1	26.94	89.857	89.857	77.02	59.785	79.713	60.0	0.985	37.3187	1392.2322
32	stage_2	1	27.34	89.857	89.857	77.02	59.785	79.713	60.0	0.985	37.3193	1429.5616
33	stage_2	1	28.44	89.857	89.857	77.02	59.785	79.713	60.0	0.985	36.6308	1466.2002
34	stage_2	1	28.96	89.857	89.857	77.02	59.785	79.713	60.0	0.985	39.3711	1505.5988
35	stage_2	1	28.98	89.857	89.857	77.02	59.785	79.713	60.0	0.985	37.1052	1542.7234
36	stage_2	1	29.82	89.857	89.857	77.02	59.785	79.713	60.0	0.985	37.0408	1579.7835
37	stage_2	1	30.22	89.857	89.857	77.02	59.785	79.713	60.0	0.985	37.0441	1616.8463
38	stage_2	1	30.17	89.857	89.857	77.02	59.785	79.713	60.0	0.985	37.3113	1654.1851
39	stage_2	1	30.93	89.857	89.857	77.02	59.785	79.713	60.0	0.985	37.1141	1691.3202
40	stage_2	1	31.31	89.857	89.857	77.02	59.785	79.713	60.0	0.985	36.9862	1728.3157
41	stage_2	1	31.29	89.857	89.857	77.02	59.785	79.713	60.0	0.985	33.7351	1762.0665
42	stage_2	1	31.63	89.857	89.857	77.02	59.785	79.713	60.0	0.985	37.0308	1799.1167
43	stage_2	1	31.7	89.857	89.857	77.02	59.785	79.713	60.0	0.985	37.2504	1836.3841
44	stage_2	1	32.62	89.857	89.857	77.02	59.785	79.713	60.0	0.985	36.8963	1873.2950
45	stage_2	1	33.38	89.857	89.857	77.02	59.785	79.713	60.0	0.985	37.3934	1910.7189
46	stage_2	1	33.47	89.857	89.857	77.02	59.785	79.713	60.0	0.985	37.0578	1947.8173
47	stage_2	1	33.08	89.857	89.857	77.02	59.785	79.713	60.0	0.985	37.0277	1984.8573
48	stage_2	1	33.89	89.857	89.857	77.02	59.785	79.713	60.0	0.985	38.3047	2023.1832
49	stage_2	1	34.25	89.857	89.857	77.02	59.785	79.713	60.0	0.985	38.2387	2061.5036
50	stage_2	1	34.49	89.857	89.857	77.02	59.785	79.713	60.0	0.985	36.6008	2098.1193
51	stage_2	1	35.12	89.857	89.857	77.02	59.785	79.713	60.0	0.985	73.0184	2171.1642
52	stage_3	2	35.63	91.72	91.72	78.617	62.58	83.44	60.0	0.99	36.7378	2207.9139
53	stage_3	2	36.2	91.72	91.72	78.617	62.58	83.44	60.0	0.99	36.8149	2244.7437
54	stage_3	2	36.24	91.72	91.72	78.617	62.58	83.44	60.0	0.99	36.9777	2281.7727
55	stage_3	2	36.43	91.72	91.72	78.617	62.58	83.44	60.0	0.99	37.4845	2319.2852
56	stage_3	2	36.8	91.72	91.72	78.617	62.58	83.44	60.0	0.99	38.9628	2358.2746
57	stage_3	2	36.65	91.72	91.72	78.617	62.58	83.44	60.0	0.99	39.7011	2398.0004
58	stage_3	2	37.06	91.72	91.72	78.617	62.58	83.44	60.0	0.99	38.7601	2436.7740
59	stage_3	2	37.53	91.72	91.72	78.617	62.58	83.44	60.0	0.99	38.3567	2475.1499
60	stage_3	2	37.64	91.72	91.72	78.617	62.58	83.44	60.0	0.99	37.4644	2512.6572
61	stage_3	2	37.99	91.72	91.72	78.617	62.58	83.44	60.0	0.99	37.4023	2550.0731
62	stage_3	2	38.72	91.72	91.72	78.617	62.58	83.44	60.0	0.99	36.3433	2586.4544
63	stage_3	2	38.8	91.72	91.72	78.617	62.58	83.44	60.0	0.99	31.3335	2617.8123
64	stage_3	2	39.01	91.72	91.72	78.617	62.58	83.44	60.0	0.99	37.3593	2655.1911
65	stage_3	2	39.88	91.72	91.72	78.617	62.58	83.44	60.0	0.99	37.5043	2692.7190
66	stage_3	2	39.76	91.72	91.72	78.617	62.58	83.44	60.0	0.99	38.2123	2730.9579
67	stage_3	2	40.04	91.72	91.72	78.617	62.58	83.44	60.0	0.99	36.9829	2767.9620
68	stage_3	2	39.75	91.72	91.72	78.617	62.58	83.44	60.0	0.99	37.2859	2805.3157
69	stage_3	2	40.56	91.72	91.72	78.617	62.58	83.44	60.0	0.99	36.9160	2842.2462
70	stage_3	2	40.32	91.72	91.72	78.617	62.58	83.44	60.0	0.99	37.0690	2879.3433
71	stage_3	2	40.67	91.72	91.72	78.617	62.58	83.44	60.0	0.99	36.9304	2916.3140
72	stage_3	2	41.6	91.72	91.72	78.617	62.58	83.44	60.0	0.99	37.3500	2953.7055
73	stage_3	2	41.26	91.72	91.72	78.617	62.58	83.44	60.0	0.99	61.6220	3015.3446
74	stage_4	3	42.15	92.487	92.487	79.274	63.73	84.973	60.0	0.992	37.7834	3053.1931
75	stage_4	3	42.63	92.487	92.487	79.274	63.73	84.973	60.0	0.992	37.7227	3090.9481
76	stage_4	3	42.7	92.487	92.487	79.274	63.73	84.973	60.0	0.992	37.1810	3128.1573
77	stage_4	3	43.04	92.487	92.487	79.274	63.73	84.973	60.0	0.992	37.4572	3165.6547
78	stage_4	3	43.26	92.487	92.487	79.274	63.73	84.973	60.0	0.992	37.2222	3202.9033
79	stage_4	3	43.47	92.487	92.487	79.274	63.73	84.973	60.0	0.992	37.1959	3240.1064
80	stage_4	3	43.85	92.487	92.487	79.274	63.73	84.973	60.0	0.992	37.7095	3277.8522
81	stage_4	3	43.94	92.487	92.487	79.274	63.73	84.973	60.0	0.992	38.3751	3316.2430
82	stage_4	3	44.1	92.487	92.487	79.274	63.73	84.973	60.0	0.992	37.0204	3353.3139
83	stage_4	3	44.24	92.487	92.487	79.274	63.73	84.973	60.0	0.992	37.0317	3390.3653
84	stage_4	3	45.1	92.487	92.487	79.274	63.73	84.973	60.0	0.992	34.4024	3424.7947
85	stage_4	3	45.07	92.487	92.487	79.274	63.73	84.973	60.0	0.992	27.2059	3452.0486
86	stage_4	3	45.14	92.487	92.487	79.274	63.73	84.973	60.0	0.992	40.1069	3492.1786
87	stage_4	3	45.49	92.487	92.487	79.274	63.73	84.973	60.0	0.992	44.7209	3536.9148
88	stage_4	3	45.92	92.487	92.487	79.274	63.73	84.973	60.0	0.992	44.3172	3581.2598
89	stage_4	3	46.02	92.487	92.487	79.274	63.73	84.973	60.0	0.992	42.7874	3624.0602
90	stage_4	3	46.23	92.487	92.487	79.274	63.73	84.973	60.0	0.992	43.1887	3667.2794
91	stage_4	3	46.23	92.487	92.487	79.274	63.73	84.973	60.0	0.992	43.0465	3710.3577
92	stage_4	3	46.57	92.487	92.487	79.274	63.73	84.973	60.0	0.992	43.0802	3753.4699
93	stage_4	3	47.08	92.487	92.487	79.274	63.73	84.973	60.0	0.992	43.0320	3796.5246
94	stage_4	3	47.07	92.487	92.487	79.274	63.73	84.973	60.0	0.992	42.4746	3839.0195
95	stage_4	3	47.14	92.487	92.487	79.274	63.73	84.973	60.0	0.992	34.5596	3873.5884
