epoch	phase	stage	acc	stage_pure	clean_precision	clean_recall	noisy_precision	noisy_recall	keep_ratio	avg_teacher_similarity	round_time_sec	total_time_sec
0	warmup	warmup	10.0	None	None	None	None	None	None	None	22.6411	22.6474
1	warmup	warmup	16.52	None	None	None	None	None	None	None	21.1326	43.7871
2	warmup	warmup	26.61	None	None	None	None	None	None	None	27.0796	70.8727
3	warmup	warmup	31.05	None	None	None	None	None	None	None	25.5966	96.4776
4	warmup	warmup	34.05	None	None	None	None	None	None	None	26.7142	123.1980
5	warmup	warmup	35.95	None	None	None	None	None	None	None	28.7912	151.9966
6	warmup	warmup	37.09	None	None	None	None	None	None	None	27.4087	179.4339
7	warmup	warmup	39.47	None	None	None	None	None	None	None	80.1218	259.5619
8	stage_1	0	28.57	77.151	77.151	77.151	46.687	46.687	70.0	0.984	28.1380	287.7075
9	stage_1	0	29.2	77.151	77.151	77.151	46.687	46.687	70.0	0.984	32.1940	319.9093
10	stage_1	0	31.48	77.151	77.151	77.151	46.687	46.687	70.0	0.984	31.2378	351.1533
11	stage_1	0	31.74	77.151	77.151	77.151	46.687	46.687	70.0	0.984	32.1148	383.2767
12	stage_1	0	32.72	77.151	77.151	77.151	46.687	46.687	70.0	0.984	32.2884	415.5713
13	stage_1	0	32.12	77.151	77.151	77.151	46.687	46.687	70.0	0.984	31.6250	447.2026
14	stage_1	0	33.35	77.151	77.151	77.151	46.687	46.687	70.0	0.984	31.7414	478.9527
15	stage_1	0	33.61	77.151	77.151	77.151	46.687	46.687	70.0	0.984	32.2984	511.2584
16	stage_1	0	35.72	77.151	77.151	77.151	46.687	46.687	70.0	0.984	33.1984	544.4660
17	stage_1	0	35.0	77.151	77.151	77.151	46.687	46.687	70.0	0.984	32.7279	577.2002
18	stage_1	0	34.69	77.151	77.151	77.151	46.687	46.687	70.0	0.984	32.1583	609.3653
19	stage_1	0	35.98	77.151	77.151	77.151	46.687	46.687	70.0	0.984	32.5390	641.9107
20	stage_1	0	35.49	77.151	77.151	77.151	46.687	46.687	70.0	0.984	34.9927	676.9098
21	stage_1	0	36.2	77.151	77.151	77.151	46.687	46.687	70.0	0.984	34.2342	711.1559
22	stage_1	0	36.91	77.151	77.151	77.151	46.687	46.687	70.0	0.984	32.6221	743.7844
23	stage_1	0	37.7	77.151	77.151	77.151	46.687	46.687	70.0	0.984	32.4544	776.2492
24	stage_1	0	37.84	77.151	77.151	77.151	46.687	46.687	70.0	0.984	30.4556	806.7111
25	stage_1	0	39.29	77.151	77.151	77.151	46.687	46.687	70.0	0.984	32.1458	838.8635
26	stage_1	0	39.75	77.151	77.151	77.151	46.687	46.687	70.0	0.984	31.7681	870.6379
27	stage_1	0	39.97	77.151	77.151	77.151	46.687	46.687	70.0	0.984	31.8530	902.4974
28	stage_1	0	40.34	77.151	77.151	77.151	46.687	46.687	70.0	0.984	31.5345	934.0384
29	stage_1	0	41.28	77.151	77.151	77.151	46.687	46.687	70.0	0.984	77.4250	1011.4713
30	stage_2	1	43.33	81.24	81.24	81.24	56.227	56.227	70.0	0.973	34.2424	1045.7203
31	stage_2	1	45.5	81.24	81.24	81.24	56.227	56.227	70.0	0.973	35.1345	1080.8628
32	stage_2	1	47.29	81.24	81.24	81.24	56.227	56.227	70.0	0.973	32.6725	1113.5439
33	stage_2	1	47.79	81.24	81.24	81.24	56.227	56.227	70.0	0.973	31.7389	1145.2905
34	stage_2	1	47.93	81.24	81.24	81.24	56.227	56.227	70.0	0.973	31.1791	1176.4824
35	stage_2	1	47.55	81.24	81.24	81.24	56.227	56.227	70.0	0.973	32.0264	1208.5154
36	stage_2	1	49.31	81.24	81.24	81.24	56.227	56.227	70.0	0.973	33.3490	1241.8707
37	stage_2	1	50.4	81.24	81.24	81.24	56.227	56.227	70.0	0.973	33.4219	1275.3012
38	stage_2	1	50.24	81.24	81.24	81.24	56.227	56.227	70.0	0.973	31.7817	1307.0895
39	stage_2	1	49.86	81.24	81.24	81.24	56.227	56.227	70.0	0.973	31.1870	1338.2844
40	stage_2	1	51.02	81.24	81.24	81.24	56.227	56.227	70.0	0.973	32.3602	1370.6513
41	stage_2	1	49.86	81.24	81.24	81.24	56.227	56.227	70.0	0.973	32.6000	1403.2579
42	stage_2	1	51.51	81.24	81.24	81.24	56.227	56.227	70.0	0.973	32.7739	1436.0388
43	stage_2	1	51.33	81.24	81.24	81.24	56.227	56.227	70.0	0.973	33.6566	1469.7019
44	stage_2	1	52.76	81.24	81.24	81.24	56.227	56.227	70.0	0.973	31.8954	1501.6036
45	stage_2	1	52.53	81.24	81.24	81.24	56.227	56.227	70.0	0.973	31.1954	1532.8054
46	stage_2	1	52.85	81.24	81.24	81.24	56.227	56.227	70.0	0.973	32.0300	1564.8420
47	stage_2	1	52.76	81.24	81.24	81.24	56.227	56.227	70.0	0.973	32.0756	1596.9241
48	stage_2	1	52.02	81.24	81.24	81.24	56.227	56.227	70.0	0.973	31.6494	1628.5866
49	stage_2	1	53.95	81.24	81.24	81.24	56.227	56.227	70.0	0.973	32.3815	1660.9750
50	stage_2	1	53.71	81.24	81.24	81.24	56.227	56.227	70.0	0.973	32.4920	1693.4736
51	stage_2	1	52.26	81.24	81.24	81.24	56.227	56.227	70.0	0.973	64.3842	1757.8648
52	stage_3	2	52.82	85.743	85.743	85.743	66.733	66.733	70.0	0.973	32.2686	1790.1402
53	stage_3	2	54.16	85.743	85.743	85.743	66.733	66.733	70.0	0.973	33.5314	1823.6783
54	stage_3	2	53.76	85.743	85.743	85.743	66.733	66.733	70.0	0.973	32.2129	1855.8977
55	stage_3	2	55.96	85.743	85.743	85.743	66.733	66.733	70.0	0.973	32.5175	1888.4215
56	stage_3	2	54.58	85.743	85.743	85.743	66.733	66.733	70.0	0.973	32.2155	1920.6437
57	stage_3	2	55.73	85.743	85.743	85.743	66.733	66.733	70.0	0.973	31.6962	1952.3467
58	stage_3	2	56.4	85.743	85.743	85.743	66.733	66.733	70.0	0.973	32.6452	1984.9987
59	stage_3	2	56.99	85.743	85.743	85.743	66.733	66.733	70.0	0.973	32.4537	2017.4990
60	stage_3	2	56.46	85.743	85.743	85.743	66.733	66.733	70.0	0.973	33.2524	2050.7581
61	stage_3	2	56.8	85.743	85.743	85.743	66.733	66.733	70.0	0.973	30.5700	2081.3362
62	stage_3	2	56.79	85.743	85.743	85.743	66.733	66.733	70.0	0.973	31.5317	2112.8751
63	stage_3	2	56.88	85.743	85.743	85.743	66.733	66.733	70.0	0.973	33.7141	2146.5974
64	stage_3	2	56.9	85.743	85.743	85.743	66.733	66.733	70.0	0.973	32.8278	2179.4337
65	stage_3	2	58.04	85.743	85.743	85.743	66.733	66.733	70.0	0.973	32.3462	2211.7867
66	stage_3	2	57.8	85.743	85.743	85.743	66.733	66.733	70.0	0.973	32.4013	2244.1949
67	stage_3	2	59.01	85.743	85.743	85.743	66.733	66.733	70.0	0.973	33.0412	2277.2428
68	stage_3	2	57.93	85.743	85.743	85.743	66.733	66.733	70.0	0.973	31.4565	2308.7083
69	stage_3	2	57.82	85.743	85.743	85.743	66.733	66.733	70.0	0.973	32.8201	2341.5355
70	stage_3	2	59.16	85.743	85.743	85.743	66.733	66.733	70.0	0.973	32.7562	2374.2984
71	stage_3	2	58.58	85.743	85.743	85.743	66.733	66.733	70.0	0.973	32.5707	2406.8774
72	stage_3	2	59.24	85.743	85.743	85.743	66.733	66.733	70.0	0.973	32.4721	2439.3580
73	stage_3	2	59.7	85.743	85.743	85.743	66.733	66.733	70.0	0.973	52.7719	2492.1377
74	stage_4	3	60.41	83.34	83.34	83.34	61.127	61.127	70.0	0.954	30.6458	2522.7917
75	stage_4	3	60.5	83.34	83.34	83.34	61.127	61.127	70.0	0.954	32.3901	2555.1901
76	stage_4	3	59.07	83.34	83.34	83.34	61.127	61.127	70.0	0.954	33.8682	2589.0653
77	stage_4	3	60.28	83.34	83.34	83.34	61.127	61.127	70.0	0.954	33.9680	2623.0424
78	stage_4	3	60.53	83.34	83.34	83.34	61.127	61.127	70.0	0.954	34.4006	2657.4500
79	stage_4	3	60.42	83.34	83.34	83.34	61.127	61.127	70.0	0.954	33.0422	2690.5003
80	stage_4	3	61.41	83.34	83.34	83.34	61.127	61.127	70.0	0.954	32.0681	2722.5752
81	stage_4	3	60.86	83.34	83.34	83.34	61.127	61.127	70.0	0.954	31.9730	2754.5563
82	stage_4	3	60.27	83.34	83.34	83.34	61.127	61.127	70.0	0.954	30.4632	2785.0260
83	stage_4	3	61.49	83.34	83.34	83.34	61.127	61.127	70.0	0.954	31.6370	2816.6707
84	stage_4	3	60.86	83.34	83.34	83.34	61.127	61.127	70.0	0.954	32.5731	2849.2519
85	stage_4	3	60.72	83.34	83.34	83.34	61.127	61.127	70.0	0.954	33.4199	2882.6797
86	stage_4	3	62.1	83.34	83.34	83.34	61.127	61.127	70.0	0.954	33.0615	2915.7481
87	stage_4	3	61.18	83.34	83.34	83.34	61.127	61.127	70.0	0.954	33.2951	2949.0515
88	stage_4	3	62.3	83.34	83.34	83.34	61.127	61.127	70.0	0.954	35.2393	2984.2976
89	stage_4	3	61.04	83.34	83.34	83.34	61.127	61.127	70.0	0.954	33.7439	3018.0511
90	stage_4	3	61.51	83.34	83.34	83.34	61.127	61.127	70.0	0.954	30.0156	3048.0730
91	stage_4	3	61.91	83.34	83.34	83.34	61.127	61.127	70.0	0.954	35.0771	3083.1581
92	stage_4	3	61.9	83.34	83.34	83.34	61.127	61.127	70.0	0.954	35.8267	3118.9956
93	stage_4	3	61.14	83.34	83.34	83.34	61.127	61.127	70.0	0.954	34.1533	3153.1570
94	stage_4	3	61.45	83.34	83.34	83.34	61.127	61.127	70.0	0.954	33.6723	3186.8385
95	stage_4	3	62.75	83.34	83.34	83.34	61.127	61.127	70.0	0.954	34.0028	3220.8486
