epoch	phase	stage	acc	stage_pure	clean_precision	clean_recall	noisy_precision	noisy_recall	keep_ratio	avg_teacher_similarity	round_time_sec	total_time_sec
0	warmup	warmup	13.81	None	None	None	None	None	None	None	42.0567	42.0637
1	warmup	warmup	17.33	None	None	None	None	None	None	None	39.9745	82.0505
2	warmup	warmup	27.56	None	None	None	None	None	None	None	39.6670	121.7243
3	warmup	warmup	35.37	None	None	None	None	None	None	None	40.0170	161.7496
4	warmup	warmup	38.57	None	None	None	None	None	None	None	40.7079	202.4673
5	warmup	warmup	40.73	None	None	None	None	None	None	None	39.6681	242.1440
6	warmup	warmup	42.89	None	None	None	None	None	None	None	40.2757	282.4264
7	warmup	warmup	45.11	None	None	None	None	None	None	None	154.0154	436.4532
8	stage_1	0	36.85	85.56	85.56	73.337	53.34	71.12	60.0	0.986	27.5004	463.9623
9	stage_1	0	42.56	85.56	85.56	73.337	53.34	71.12	60.0	0.986	33.1612	497.1304
10	stage_1	0	44.17	85.56	85.56	73.337	53.34	71.12	60.0	0.986	31.7861	528.9248
11	stage_1	0	45.05	85.56	85.56	73.337	53.34	71.12	60.0	0.986	31.9260	560.8577
12	stage_1	0	45.09	85.56	85.56	73.337	53.34	71.12	60.0	0.986	31.4692	592.3352
13	stage_1	0	46.54	85.56	85.56	73.337	53.34	71.12	60.0	0.986	31.3342	623.6783
14	stage_1	0	48.84	85.56	85.56	73.337	53.34	71.12	60.0	0.986	33.3744	657.0611
15	stage_1	0	49.29	85.56	85.56	73.337	53.34	71.12	60.0	0.986	31.6100	688.6810
16	stage_1	0	49.67	85.56	85.56	73.337	53.34	71.12	60.0	0.986	32.3131	721.0031
17	stage_1	0	49.86	85.56	85.56	73.337	53.34	71.12	60.0	0.986	32.3592	753.3693
18	stage_1	0	50.66	85.56	85.56	73.337	53.34	71.12	60.0	0.986	32.0126	785.3911
19	stage_1	0	50.7	85.56	85.56	73.337	53.34	71.12	60.0	0.986	32.8451	818.2432
20	stage_1	0	51.62	85.56	85.56	73.337	53.34	71.12	60.0	0.986	33.4529	851.7050
21	stage_1	0	51.23	85.56	85.56	73.337	53.34	71.12	60.0	0.986	33.8498	885.5621
22	stage_1	0	51.13	85.56	85.56	73.337	53.34	71.12	60.0	0.986	32.1001	917.6720
23	stage_1	0	50.89	85.56	85.56	73.337	53.34	71.12	60.0	0.986	31.5037	949.1830
24	stage_1	0	53.01	85.56	85.56	73.337	53.34	71.12	60.0	0.986	31.4503	980.6420
25	stage_1	0	54.63	85.56	85.56	73.337	53.34	71.12	60.0	0.986	32.1300	1012.7791
26	stage_1	0	54.32	85.56	85.56	73.337	53.34	71.12	60.0	0.986	31.3113	1044.0992
27	stage_1	0	55.31	85.56	85.56	73.337	53.34	71.12	60.0	0.986	31.9649	1076.0715
28	stage_1	0	54.47	85.56	85.56	73.337	53.34	71.12	60.0	0.986	32.2205	1108.3009
29	stage_1	0	54.98	85.56	85.56	73.337	53.34	71.12	60.0	0.986	142.8870	1251.1969
30	stage_2	1	55.53	89.95	89.95	77.1	59.925	79.9	60.0	0.98	30.8532	1282.0590
31	stage_2	1	56.2	89.95	89.95	77.1	59.925	79.9	60.0	0.98	30.4932	1312.5594
32	stage_2	1	56.86	89.95	89.95	77.1	59.925	79.9	60.0	0.98	34.7083	1347.2785
33	stage_2	1	57.28	89.95	89.95	77.1	59.925	79.9	60.0	0.98	32.2745	1379.5605
34	stage_2	1	57.54	89.95	89.95	77.1	59.925	79.9	60.0	0.98	33.2696	1412.8442
35	stage_2	1	58.43	89.95	89.95	77.1	59.925	79.9	60.0	0.98	32.5346	1445.3889
36	stage_2	1	58.8	89.95	89.95	77.1	59.925	79.9	60.0	0.98	32.4131	1477.8110
37	stage_2	1	57.89	89.95	89.95	77.1	59.925	79.9	60.0	0.98	31.5918	1509.4101
38	stage_2	1	59.4	89.95	89.95	77.1	59.925	79.9	60.0	0.98	33.5783	1542.9969
39	stage_2	1	59.05	89.95	89.95	77.1	59.925	79.9	60.0	0.98	32.0655	1575.0698
40	stage_2	1	59.58	89.95	89.95	77.1	59.925	79.9	60.0	0.98	32.3479	1607.4272
41	stage_2	1	61.23	89.95	89.95	77.1	59.925	79.9	60.0	0.98	31.8363	1639.2708
42	stage_2	1	59.43	89.95	89.95	77.1	59.925	79.9	60.0	0.98	32.6458	1671.9253
43	stage_2	1	60.98	89.95	89.95	77.1	59.925	79.9	60.0	0.98	32.2433	1704.1758
44	stage_2	1	61.57	89.95	89.95	77.1	59.925	79.9	60.0	0.98	31.5634	1735.7478
45	stage_2	1	61.21	89.95	89.95	77.1	59.925	79.9	60.0	0.98	33.4585	1769.2136
46	stage_2	1	61.45	89.95	89.95	77.1	59.925	79.9	60.0	0.98	31.6427	1800.8653
47	stage_2	1	61.41	89.95	89.95	77.1	59.925	79.9	60.0	0.98	32.4354	1833.3083
48	stage_2	1	62.26	89.95	89.95	77.1	59.925	79.9	60.0	0.98	32.8166	1866.1339
49	stage_2	1	61.56	89.95	89.95	77.1	59.925	79.9	60.0	0.98	32.3899	1898.5309
50	stage_2	1	61.69	89.95	89.95	77.1	59.925	79.9	60.0	0.98	32.0317	1930.5767
51	stage_2	1	61.79	89.95	89.95	77.1	59.925	79.9	60.0	0.98	146.1062	2076.6909
52	stage_3	2	63.64	92.043	92.043	78.894	63.065	84.087	60.0	0.979	33.2785	2109.9790
53	stage_3	2	64.18	92.043	92.043	78.894	63.065	84.087	60.0	0.979	30.9699	2140.9596
54	stage_3	2	64.52	92.043	92.043	78.894	63.065	84.087	60.0	0.979	31.9503	2172.9189
55	stage_3	2	64.52	92.043	92.043	78.894	63.065	84.087	60.0	0.979	32.5697	2205.4962
56	stage_3	2	65.84	92.043	92.043	78.894	63.065	84.087	60.0	0.979	30.1155	2235.6206
57	stage_3	2	64.39	92.043	92.043	78.894	63.065	84.087	60.0	0.979	33.4326	2269.0608
58	stage_3	2	66.58	92.043	92.043	78.894	63.065	84.087	60.0	0.979	32.6071	2301.6769
59	stage_3	2	66.37	92.043	92.043	78.894	63.065	84.087	60.0	0.979	32.3570	2334.0416
60	stage_3	2	65.53	92.043	92.043	78.894	63.065	84.087	60.0	0.979	32.3076	2366.3590
61	stage_3	2	65.86	92.043	92.043	78.894	63.065	84.087	60.0	0.979	32.6512	2399.0178
62	stage_3	2	65.51	92.043	92.043	78.894	63.065	84.087	60.0	0.979	32.1174	2431.1441
63	stage_3	2	65.78	92.043	92.043	78.894	63.065	84.087	60.0	0.979	32.4489	2463.6008
64	stage_3	2	66.65	92.043	92.043	78.894	63.065	84.087	60.0	0.979	30.1969	2493.8066
65	stage_3	2	67.28	92.043	92.043	78.894	63.065	84.087	60.0	0.979	34.1642	2527.9783
66	stage_3	2	67.77	92.043	92.043	78.894	63.065	84.087	60.0	0.979	32.4849	2560.4721
67	stage_3	2	67.83	92.043	92.043	78.894	63.065	84.087	60.0	0.979	32.2225	2592.7023
68	stage_3	2	67.01	92.043	92.043	78.894	63.065	84.087	60.0	0.979	31.6243	2624.3355
69	stage_3	2	67.54	92.043	92.043	78.894	63.065	84.087	60.0	0.979	33.0898	2657.4326
70	stage_3	2	67.94	92.043	92.043	78.894	63.065	84.087	60.0	0.979	34.5880	2692.0296
71	stage_3	2	68.77	92.043	92.043	78.894	63.065	84.087	60.0	0.979	32.8951	2724.9325
72	stage_3	2	69.16	92.043	92.043	78.894	63.065	84.087	60.0	0.979	32.4432	2757.3843
73	stage_3	2	67.77	92.043	92.043	78.894	63.065	84.087	60.0	0.979	148.3712	2905.7636
74	stage_4	3	68.31	93.56	93.56	80.194	65.34	87.12	60.0	0.976	32.6238	2938.3966
75	stage_4	3	69.12	93.56	93.56	80.194	65.34	87.12	60.0	0.976	30.6907	2969.0948
76	stage_4	3	69.24	93.56	93.56	80.194	65.34	87.12	60.0	0.976	30.4128	2999.5190
77	stage_4	3	68.93	93.56	93.56	80.194	65.34	87.12	60.0	0.976	33.8387	3033.3677
78	stage_4	3	69.89	93.56	93.56	80.194	65.34	87.12	60.0	0.976	33.1048	3066.4802
79	stage_4	3	68.58	93.56	93.56	80.194	65.34	87.12	60.0	0.976	33.4433	3099.9323
80	stage_4	3	69.82	93.56	93.56	80.194	65.34	87.12	60.0	0.976	31.9340	3131.8739
81	stage_4	3	68.83	93.56	93.56	80.194	65.34	87.12	60.0	0.976	32.1893	3164.0722
82	stage_4	3	69.47	93.56	93.56	80.194	65.34	87.12	60.0	0.976	32.7450	3196.8262
83	stage_4	3	70.51	93.56	93.56	80.194	65.34	87.12	60.0	0.976	33.0503	3229.8870
84	stage_4	3	70.23	93.56	93.56	80.194	65.34	87.12	60.0	0.976	33.8102	3263.7046
85	stage_4	3	69.39	93.56	93.56	80.194	65.34	87.12	60.0	0.976	33.9531	3297.6660
86	stage_4	3	70.02	93.56	93.56	80.194	65.34	87.12	60.0	0.976	31.7393	3329.4140
87	stage_4	3	70.06	93.56	93.56	80.194	65.34	87.12	60.0	0.976	31.1139	3360.5359
88	stage_4	3	70.59	93.56	93.56	80.194	65.34	87.12	60.0	0.976	32.9384	3393.4810
89	stage_4	3	70.84	93.56	93.56	80.194	65.34	87.12	60.0	0.976	32.7412	3426.2303
90	stage_4	3	70.61	93.56	93.56	80.194	65.34	87.12	60.0	0.976	32.8221	3459.0594
91	stage_4	3	70.81	93.56	93.56	80.194	65.34	87.12	60.0	0.976	31.9801	3491.0480
92	stage_4	3	70.56	93.56	93.56	80.194	65.34	87.12	60.0	0.976	31.9186	3522.9734
93	stage_4	3	71.72	93.56	93.56	80.194	65.34	87.12	60.0	0.976	31.7173	3554.6992
94	stage_4	3	71.78	93.56	93.56	80.194	65.34	87.12	60.0	0.976	31.9801	3586.6861
95	stage_4	3	71.39	93.56	93.56	80.194	65.34	87.12	60.0	0.976	31.2028	3617.8972
