epoch	phase	stage	acc	stage_pure	clean_precision	clean_recall	noisy_precision	noisy_recall	keep_ratio	avg_teacher_similarity	round_time_sec	total_time_sec
0	warmup	warmup	11.35	None	None	None	None	None	None	None	138.4132	138.4209
1	warmup	warmup	11.35	None	None	None	None	None	None	None	149.3602	287.7942
2	warmup	warmup	74.61	None	None	None	None	None	None	None	148.4676	436.2738
3	warmup	warmup	88.35	None	None	None	None	None	None	None	148.5889	584.8731
4	warmup	warmup	91.4	None	None	None	None	None	None	None	148.5230	733.4077
5	warmup	warmup	92.03	None	None	None	None	None	None	None	147.7675	881.1854
6	warmup	warmup	90.86	None	None	None	None	None	None	None	150.4338	1031.6294
7	warmup	warmup	90.17	None	None	None	None	None	None	None	149.3319	1180.9715
8	warmup	warmup	87.28	None	None	None	None	None	None	None	148.2175	1329.2006
9	warmup	warmup	78.44	None	None	None	None	None	None	None	148.0808	1477.2929
10	warmup	warmup	74.0	None	None	None	None	None	None	None	149.1306	1626.4338
11	warmup	warmup	68.61	None	None	None	None	None	None	None	148.1627	1774.6080
12	warmup	warmup	63.47	None	None	None	None	None	None	None	148.3611	1922.9799
13	warmup	warmup	61.16	None	None	None	None	None	None	None	147.5714	2070.5631
14	warmup	warmup	59.67	None	None	None	None	None	None	None	147.8996	2218.4731
15	warmup	warmup	57.54	None	None	None	None	None	None	None	148.5995	2367.0829
16	warmup	warmup	57.08	None	None	None	None	None	None	None	151.5865	2518.6812
17	warmup	warmup	55.73	None	None	None	None	None	None	None	148.3875	2667.0763
18	warmup	warmup	55.3	None	None	None	None	None	None	None	149.2427	2816.3255
19	warmup	warmup	54.96	None	None	None	None	None	None	None	229.5030	3045.8362
20	stage_1	0	58.59	53.969	53.969	97.143	85.717	17.143	90.0	0.959	140.1237	3185.9684
21	stage_1	0	58.44	53.969	53.969	97.143	85.717	17.143	90.0	0.959	141.2919	3327.2703
22	stage_1	0	58.62	53.969	53.969	97.143	85.717	17.143	90.0	0.959	142.2007	3469.4793
23	stage_1	0	58.24	53.969	53.969	97.143	85.717	17.143	90.0	0.959	141.5920	3611.0793
24	stage_1	0	59.05	53.969	53.969	97.143	85.717	17.143	90.0	0.959	140.9877	3752.0754
25	stage_1	0	59.19	53.969	53.969	97.143	85.717	17.143	90.0	0.959	141.0205	3893.1040
26	stage_1	0	58.71	53.969	53.969	97.143	85.717	17.143	90.0	0.959	140.8816	4033.9938
27	stage_1	0	59.67	53.969	53.969	97.143	85.717	17.143	90.0	0.959	141.8394	4175.8430
28	stage_1	0	58.79	53.969	53.969	97.143	85.717	17.143	90.0	0.959	140.9716	4316.8230
29	stage_1	0	58.51	53.969	53.969	97.143	85.717	17.143	90.0	0.959	141.9065	4458.7376
30	stage_1	0	57.95	53.969	53.969	97.143	85.717	17.143	90.0	0.959	140.8713	4599.6170
31	stage_1	0	58.34	53.969	53.969	97.143	85.717	17.143	90.0	0.959	140.7274	4740.3541
32	stage_1	0	57.74	53.969	53.969	97.143	85.717	17.143	90.0	0.959	140.2651	4880.6277
33	stage_1	0	58.17	53.969	53.969	97.143	85.717	17.143	90.0	0.959	140.9536	5021.5898
34	stage_1	0	56.98	53.969	53.969	97.143	85.717	17.143	90.0	0.959	140.6208	5162.2191
35	stage_1	0	57.32	53.969	53.969	97.143	85.717	17.143	90.0	0.959	140.5439	5302.7715
36	stage_1	0	57.55	53.969	53.969	97.143	85.717	17.143	90.0	0.959	142.7892	5445.5690
37	stage_1	0	57.7	53.969	53.969	97.143	85.717	17.143	90.0	0.959	140.6765	5586.2535
38	stage_1	0	57.18	53.969	53.969	97.143	85.717	17.143	90.0	0.959	220.3927	5806.6568
39	stage_2	1	60.02	54.524	54.524	76.333	60.556	36.333	70.0	0.98	111.8648	5918.5327
40	stage_2	1	58.76	54.524	54.524	76.333	60.556	36.333	70.0	0.98	114.0009	6032.5417
41	stage_2	1	59.54	54.524	54.524	76.333	60.556	36.333	70.0	0.98	113.4455	6145.9982
42	stage_2	1	59.42	54.524	54.524	76.333	60.556	36.333	70.0	0.98	114.4220	6260.4282
43	stage_2	1	59.67	54.524	54.524	76.333	60.556	36.333	70.0	0.98	114.4046	6374.8449
44	stage_2	1	59.41	54.524	54.524	76.333	60.556	36.333	70.0	0.98	112.4791	6487.3322
45	stage_2	1	59.57	54.524	54.524	76.333	60.556	36.333	70.0	0.98	113.4928	6600.8356
46	stage_2	1	60.5	54.524	54.524	76.333	60.556	36.333	70.0	0.98	114.2960	6715.1397
47	stage_2	1	59.92	54.524	54.524	76.333	60.556	36.333	70.0	0.98	112.8927	6828.0446
48	stage_2	1	60.59	54.524	54.524	76.333	60.556	36.333	70.0	0.98	112.6845	6940.7383
49	stage_2	1	60.15	54.524	54.524	76.333	60.556	36.333	70.0	0.98	114.4323	7055.1820
50	stage_2	1	60.71	54.524	54.524	76.333	60.556	36.333	70.0	0.98	112.7005	7167.8910
51	stage_2	1	60.78	54.524	54.524	76.333	60.556	36.333	70.0	0.98	113.5538	7281.4548
52	stage_2	1	60.89	54.524	54.524	76.333	60.556	36.333	70.0	0.98	112.6550	7394.1173
53	stage_2	1	61.29	54.524	54.524	76.333	60.556	36.333	70.0	0.98	113.1130	7507.2374
54	stage_2	1	61.26	54.524	54.524	76.333	60.556	36.333	70.0	0.98	112.7640	7620.0087
55	stage_2	1	61.64	54.524	54.524	76.333	60.556	36.333	70.0	0.98	114.0245	7734.0406
56	stage_2	1	61.47	54.524	54.524	76.333	60.556	36.333	70.0	0.98	113.7940	7847.8416
57	stage_2	1	62.07	54.524	54.524	76.333	60.556	36.333	70.0	0.98	193.2804	8041.1291
58	stage_3	2	61.37	53.547	53.547	64.257	55.321	44.257	60.0	0.993	105.6897	8146.8260
59	stage_3	2	61.9	53.547	53.547	64.257	55.321	44.257	60.0	0.993	104.2433	8251.0765
