epoch	phase	stage	acc	stage_pure	clean_precision	clean_recall	noisy_precision	noisy_recall	keep_ratio	avg_teacher_similarity	round_time_sec	total_time_sec
0	warmup	warmup	10.0	None	None	None	None	None	None	None	52.0632	52.0705
1	warmup	warmup	21.69	None	None	None	None	None	None	None	51.1752	103.2558
2	warmup	warmup	26.18	None	None	None	None	None	None	None	50.4814	153.7458
3	warmup	warmup	31.91	None	None	None	None	None	None	None	52.1184	205.8714
4	warmup	warmup	34.97	None	None	None	None	None	None	None	50.3288	256.2098
5	warmup	warmup	36.67	None	None	None	None	None	None	None	51.1740	307.3921
6	warmup	warmup	37.22	None	None	None	None	None	None	None	50.8200	358.2216
7	warmup	warmup	38.82	None	None	None	None	None	None	None	50.1697	408.3982
8	warmup	warmup	39.9	None	None	None	None	None	None	None	51.8185	460.2244
9	warmup	warmup	40.08	None	None	None	None	None	None	None	197.3038	657.5365
10	stage_1	0	37.44	75.845	75.845	92.097	63.12	31.56	85.0	0.985	45.9957	703.5403
11	stage_1	0	40.73	75.845	75.845	92.097	63.12	31.56	85.0	0.985	45.6903	749.2377
12	stage_1	0	41.97	75.845	75.845	92.097	63.12	31.56	85.0	0.985	46.0850	795.3299
13	stage_1	0	42.32	75.845	75.845	92.097	63.12	31.56	85.0	0.985	48.0388	843.3762
14	stage_1	0	45.56	75.845	75.845	92.097	63.12	31.56	85.0	0.985	45.9991	889.4736
15	stage_1	0	45.27	75.845	75.845	92.097	63.12	31.56	85.0	0.985	46.1149	935.5954
16	stage_1	0	47.34	75.845	75.845	92.097	63.12	31.56	85.0	0.985	45.0144	980.6210
17	stage_1	0	47.61	75.845	75.845	92.097	63.12	31.56	85.0	0.985	45.6867	1026.3155
18	stage_1	0	47.09	75.845	75.845	92.097	63.12	31.56	85.0	0.985	46.6447	1072.9678
19	stage_1	0	49.02	75.845	75.845	92.097	63.12	31.56	85.0	0.985	45.6800	1118.6555
20	stage_1	0	49.0	75.845	75.845	92.097	63.12	31.56	85.0	0.985	45.7115	1164.3745
21	stage_1	0	48.52	75.845	75.845	92.097	63.12	31.56	85.0	0.985	47.5546	1211.9363
22	stage_1	0	50.26	75.845	75.845	92.097	63.12	31.56	85.0	0.985	45.6165	1257.5608
23	stage_1	0	51.66	75.845	75.845	92.097	63.12	31.56	85.0	0.985	44.1222	1301.6923
24	stage_1	0	51.2	75.845	75.845	92.097	63.12	31.56	85.0	0.985	44.4736	1346.1743
25	stage_1	0	52.89	75.845	75.845	92.097	63.12	31.56	85.0	0.985	45.6361	1391.8182
26	stage_1	0	52.0	75.845	75.845	92.097	63.12	31.56	85.0	0.985	46.7695	1438.5951
27	stage_1	0	52.67	75.845	75.845	92.097	63.12	31.56	85.0	0.985	46.6978	1485.3003
28	stage_1	0	53.29	75.845	75.845	92.097	63.12	31.56	85.0	0.985	45.6719	1530.9816
29	stage_1	0	53.93	75.845	75.845	92.097	63.12	31.56	85.0	0.985	46.4728	1577.4624
30	stage_1	0	55.32	75.845	75.845	92.097	63.12	31.56	85.0	0.985	45.6993	1623.1703
31	stage_1	0	54.5	75.845	75.845	92.097	63.12	31.56	85.0	0.985	45.4497	1668.6301
32	stage_1	0	53.75	75.845	75.845	92.097	63.12	31.56	85.0	0.985	45.7948	1714.4323
33	stage_1	0	54.16	75.845	75.845	92.097	63.12	31.56	85.0	0.985	42.5517	1756.9914
34	stage_1	0	55.65	75.845	75.845	92.097	63.12	31.56	85.0	0.985	45.1520	1802.1523
35	stage_1	0	55.48	75.845	75.845	92.097	63.12	31.56	85.0	0.985	46.2034	1848.3639
36	stage_1	0	55.97	75.845	75.845	92.097	63.12	31.56	85.0	0.985	45.5521	1893.9247
37	stage_1	0	56.08	75.845	75.845	92.097	63.12	31.56	85.0	0.985	45.5979	1939.5327
38	stage_1	0	56.56	75.845	75.845	92.097	63.12	31.56	85.0	0.985	45.7267	1985.2680
39	stage_1	0	55.99	75.845	75.845	92.097	63.12	31.56	85.0	0.985	46.2514	2031.5271
40	stage_1	0	56.69	75.845	75.845	92.097	63.12	31.56	85.0	0.985	46.5357	2078.0700
41	stage_1	0	57.24	75.845	75.845	92.097	63.12	31.56	85.0	0.985	45.6938	2123.7713
42	stage_1	0	58.85	75.845	75.845	92.097	63.12	31.56	85.0	0.985	45.8159	2169.5945
43	stage_1	0	57.62	75.845	75.845	92.097	63.12	31.56	85.0	0.985	45.1416	2214.7435
44	stage_1	0	58.76	75.845	75.845	92.097	63.12	31.56	85.0	0.985	46.0846	2260.8370
45	stage_1	0	58.03	75.845	75.845	92.097	63.12	31.56	85.0	0.985	46.8975	2307.7423
46	stage_1	0	58.73	75.845	75.845	92.097	63.12	31.56	85.0	0.985	45.2231	2352.9753
47	stage_1	0	58.78	75.845	75.845	92.097	63.12	31.56	85.0	0.985	45.6125	2398.5953
48	stage_1	0	60.0	75.845	75.845	92.097	63.12	31.56	85.0	0.985	46.9183	2445.5212
49	stage_1	0	59.11	75.845	75.845	92.097	63.12	31.56	85.0	0.985	45.0984	2490.6330
50	stage_1	0	60.63	75.845	75.845	92.097	63.12	31.56	85.0	0.985	46.2866	2536.9290
51	stage_1	0	60.01	75.845	75.845	92.097	63.12	31.56	85.0	0.985	45.0407	2581.9780
52	stage_1	0	60.44	75.845	75.845	92.097	63.12	31.56	85.0	0.985	45.6213	2627.6097
53	stage_1	0	60.67	75.845	75.845	92.097	63.12	31.56	85.0	0.985	45.4192	2673.0368
54	stage_1	0	60.29	75.845	75.845	92.097	63.12	31.56	85.0	0.985	46.1886	2719.2332
55	stage_1	0	60.61	75.845	75.845	92.097	63.12	31.56	85.0	0.985	44.8763	2764.1193
56	stage_1	0	59.91	75.845	75.845	92.097	63.12	31.56	85.0	0.985	47.6475	2811.7753
57	stage_1	0	60.55	75.845	75.845	92.097	63.12	31.56	85.0	0.985	45.5797	2857.3642
58	stage_1	0	61.29	75.845	75.845	92.097	63.12	31.56	85.0	0.985	46.0486	2903.4207
59	stage_1	0	61.59	75.845	75.845	92.097	63.12	31.56	85.0	0.985	187.9479	3091.3786
60	stage_2	1	61.84	80.374	80.374	97.597	88.787	44.393	85.0	0.961	46.2604	3137.6474
61	stage_2	1	63.35	80.374	80.374	97.597	88.787	44.393	85.0	0.961	46.0798	3183.7351
62	stage_2	1	63.9	80.374	80.374	97.597	88.787	44.393	85.0	0.961	44.4511	3228.1943
63	stage_2	1	63.54	80.374	80.374	97.597	88.787	44.393	85.0	0.961	46.4786	3274.6807
64	stage_2	1	64.35	80.374	80.374	97.597	88.787	44.393	85.0	0.961	45.3443	3320.0330
65	stage_2	1	65.28	80.374	80.374	97.597	88.787	44.393	85.0	0.961	46.7277	3366.7685
66	stage_2	1	64.84	80.374	80.374	97.597	88.787	44.393	85.0	0.961	45.5777	3412.3564
67	stage_2	1	64.33	80.374	80.374	97.597	88.787	44.393	85.0	0.961	46.2007	3458.5647
68	stage_2	1	65.49	80.374	80.374	97.597	88.787	44.393	85.0	0.961	45.0157	3503.5882
69	stage_2	1	65.07	80.374	80.374	97.597	88.787	44.393	85.0	0.961	46.6732	3550.2688
70	stage_2	1	65.49	80.374	80.374	97.597	88.787	44.393	85.0	0.961	46.0271	3596.3041
71	stage_2	1	64.86	80.374	80.374	97.597	88.787	44.393	85.0	0.961	46.1731	3642.4853
72	stage_2	1	65.63	80.374	80.374	97.597	88.787	44.393	85.0	0.961	45.7816	3688.2790
73	stage_2	1	65.61	80.374	80.374	97.597	88.787	44.393	85.0	0.961	47.6937	3735.9806
74	stage_2	1	65.07	80.374	80.374	97.597	88.787	44.393	85.0	0.961	46.2298	3782.2182
75	stage_2	1	66.31	80.374	80.374	97.597	88.787	44.393	85.0	0.961	46.2719	3828.4982
76	stage_2	1	64.22	80.374	80.374	97.597	88.787	44.393	85.0	0.961	45.6845	3874.1904
77	stage_2	1	65.85	80.374	80.374	97.597	88.787	44.393	85.0	0.961	45.8063	3920.0046
78	stage_2	1	65.54	80.374	80.374	97.597	88.787	44.393	85.0	0.961	45.1524	3965.1651
79	stage_2	1	66.43	80.374	80.374	97.597	88.787	44.393	85.0	0.961	46.5879	4011.7609
80	stage_2	1	65.74	80.374	80.374	97.597	88.787	44.393	85.0	0.961	44.7428	4056.5116
81	stage_2	1	66.0	80.374	80.374	97.597	88.787	44.393	85.0	0.961	46.5724	4103.0917
82	stage_2	1	65.9	80.374	80.374	97.597	88.787	44.393	85.0	0.961	45.5164	4148.6162
83	stage_2	1	66.88	80.374	80.374	97.597	88.787	44.393	85.0	0.961	46.0140	4194.6478
84	stage_2	1	67.19	80.374	80.374	97.597	88.787	44.393	85.0	0.961	45.1671	4239.8235
85	stage_2	1	66.36	80.374	80.374	97.597	88.787	44.393	85.0	0.961	46.1856	4286.0169
86	stage_2	1	66.65	80.374	80.374	97.597	88.787	44.393	85.0	0.961	45.1082	4331.1336
87	stage_2	1	67.33	80.374	80.374	97.597	88.787	44.393	85.0	0.961	47.2220	4378.3641
88	stage_2	1	66.99	80.374	80.374	97.597	88.787	44.393	85.0	0.961	45.1975	4423.5693
89	stage_2	1	67.25	80.374	80.374	97.597	88.787	44.393	85.0	0.961	45.9396	4469.5168
90	stage_2	1	67.4	80.374	80.374	97.597	88.787	44.393	85.0	0.961	45.0733	4514.5980
91	stage_2	1	67.08	80.374	80.374	97.597	88.787	44.393	85.0	0.961	46.3641	4560.9701
92	stage_2	1	67.62	80.374	80.374	97.597	88.787	44.393	85.0	0.961	45.0367	4606.0147
93	stage_2	1	67.24	80.374	80.374	97.597	88.787	44.393	85.0	0.961	46.8418	4652.8643
94	stage_2	1	67.19	80.374	80.374	97.597	88.787	44.393	85.0	0.961	46.4065	4699.2799
95	stage_2	1	67.89	80.374	80.374	97.597	88.787	44.393	85.0	0.961	46.0154	4745.3028
96	stage_2	1	68.08	80.374	80.374	97.597	88.787	44.393	85.0	0.961	45.1152	4790.4268
97	stage_2	1	68.03	80.374	80.374	97.597	88.787	44.393	85.0	0.961	46.0488	4836.4838
98	stage_2	1	67.94	80.374	80.374	97.597	88.787	44.393	85.0	0.961	45.0143	4881.5058
99	stage_2	1	67.42	80.374	80.374	97.597	88.787	44.393	85.0	0.961	38.7729	4920.2879
100	stage_2	1	67.8	80.374	80.374	97.597	88.787	44.393	85.0	0.961	37.8386	4958.1395
101	stage_2	1	68.75	80.374	80.374	97.597	88.787	44.393	85.0	0.961	42.2007	5000.3491
102	stage_2	1	68.15	80.374	80.374	97.597	88.787	44.393	85.0	0.961	45.1493	5045.5060
103	stage_2	1	68.0	80.374	80.374	97.597	88.787	44.393	85.0	0.961	45.4247	5090.9384
104	stage_2	1	68.3	80.374	80.374	97.597	88.787	44.393	85.0	0.961	45.3683	5136.3154
105	stage_2	1	68.42	80.374	80.374	97.597	88.787	44.393	85.0	0.961	46.8807	5183.2043
106	stage_2	1	69.19	80.374	80.374	97.597	88.787	44.393	85.0	0.961	45.5960	5228.8080
107	stage_2	1	69.16	80.374	80.374	97.597	88.787	44.393	85.0	0.961	45.9713	5274.7867
108	stage_2	1	68.66	80.374	80.374	97.597	88.787	44.393	85.0	0.961	45.3423	5320.1386
109	stage_2	1	67.55	80.374	80.374	97.597	88.787	44.393	85.0	0.961	187.7721	5507.9192
110	stage_3	2	67.73	80.969	80.969	98.32	92.16	46.08	85.0	0.955	45.7441	5553.6712
111	stage_3	2	68.1	80.969	80.969	98.32	92.16	46.08	85.0	0.955	46.7331	5600.4120
112	stage_3	2	69.33	80.969	80.969	98.32	92.16	46.08	85.0	0.955	45.3716	5645.7936
113	stage_3	2	68.85	80.969	80.969	98.32	92.16	46.08	85.0	0.955	47.0662	5692.8672
114	stage_3	2	69.1	80.969	80.969	98.32	92.16	46.08	85.0	0.955	44.8572	5737.7373
115	stage_3	2	69.37	80.969	80.969	98.32	92.16	46.08	85.0	0.955	45.7184	5783.4640
116	stage_3	2	69.03	80.969	80.969	98.32	92.16	46.08	85.0	0.955	46.5757	5830.0471
117	stage_3	2	68.93	80.969	80.969	98.32	92.16	46.08	85.0	0.955	45.8331	5875.8882
118	stage_3	2	68.34	80.969	80.969	98.32	92.16	46.08	85.0	0.955	46.3638	5922.2697
119	stage_3	2	68.46	80.969	80.969	98.32	92.16	46.08	85.0	0.955	46.0523	5968.3296
120	stage_3	2	69.29	80.969	80.969	98.32	92.16	46.08	85.0	0.955	44.7252	6013.0623
121	stage_3	2	69.04	80.969	80.969	98.32	92.16	46.08	85.0	0.955	46.3146	6059.3890
122	stage_3	2	68.83	80.969	80.969	98.32	92.16	46.08	85.0	0.955	45.0620	6104.4616
123	stage_3	2	68.48	80.969	80.969	98.32	92.16	46.08	85.0	0.955	45.9103	6150.3803
124	stage_3	2	69.17	80.969	80.969	98.32	92.16	46.08	85.0	0.955	45.3409	6195.7304
125	stage_3	2	69.56	80.969	80.969	98.32	92.16	46.08	85.0	0.955	47.2342	6242.9723
126	stage_3	2	69.35	80.969	80.969	98.32	92.16	46.08	85.0	0.955	44.9857	6287.9673
127	stage_3	2	69.08	80.969	80.969	98.32	92.16	46.08	85.0	0.955	47.1414	6335.1164
128	stage_3	2	69.18	80.969	80.969	98.32	92.16	46.08	85.0	0.955	45.0906	6380.2153
129	stage_3	2	68.9	80.969	80.969	98.32	92.16	46.08	85.0	0.955	46.1085	6426.3322
130	stage_3	2	70.33	80.969	80.969	98.32	92.16	46.08	85.0	0.955	45.1873	6471.5270
131	stage_3	2	69.67	80.969	80.969	98.32	92.16	46.08	85.0	0.955	46.2758	6517.8104
132	stage_3	2	69.68	80.969	80.969	98.32	92.16	46.08	85.0	0.955	45.0423	6562.8601
133	stage_3	2	70.01	80.969	80.969	98.32	92.16	46.08	85.0	0.955	46.3820	6609.2496
134	stage_3	2	69.83	80.969	80.969	98.32	92.16	46.08	85.0	0.955	45.8953	6655.1527
135	stage_3	2	70.26	80.969	80.969	98.32	92.16	46.08	85.0	0.955	46.0317	6701.1920
136	stage_3	2	68.65	80.969	80.969	98.32	92.16	46.08	85.0	0.955	45.3065	6746.5059
137	stage_3	2	69.79	80.969	80.969	98.32	92.16	46.08	85.0	0.955	46.0150	6792.5285
138	stage_3	2	70.04	80.969	80.969	98.32	92.16	46.08	85.0	0.955	45.0026	6837.5389
139	stage_3	2	69.19	80.969	80.969	98.32	92.16	46.08	85.0	0.955	46.4799	6884.0265
140	stage_3	2	70.23	80.969	80.969	98.32	92.16	46.08	85.0	0.955	45.8016	6929.8357
141	stage_3	2	69.93	80.969	80.969	98.32	92.16	46.08	85.0	0.955	45.9884	6975.8338
142	stage_3	2	70.04	80.969	80.969	98.32	92.16	46.08	85.0	0.955	45.4866	7021.3282
143	stage_3	2	70.3	80.969	80.969	98.32	92.16	46.08	85.0	0.955	46.1413	7067.4771
144	stage_3	2	70.39	80.969	80.969	98.32	92.16	46.08	85.0	0.955	45.0455	7112.5306
145	stage_3	2	69.96	80.969	80.969	98.32	92.16	46.08	85.0	0.955	46.2072	7158.7487
146	stage_3	2	69.34	80.969	80.969	98.32	92.16	46.08	85.0	0.955	45.0723	7203.8317
147	stage_3	2	69.65	80.969	80.969	98.32	92.16	46.08	85.0	0.955	46.0418	7249.8862
148	stage_3	2	70.04	80.969	80.969	98.32	92.16	46.08	85.0	0.955	45.8513	7295.7453
149	stage_3	2	69.52	80.969	80.969	98.32	92.16	46.08	85.0	0.955	46.0962	7341.8511
150	stage_3	2	69.91	80.969	80.969	98.32	92.16	46.08	85.0	0.955	44.8202	7386.6806
151	stage_3	2	70.17	80.969	80.969	98.32	92.16	46.08	85.0	0.955	46.4006	7433.0895
152	stage_3	2	69.14	80.969	80.969	98.32	92.16	46.08	85.0	0.955	45.0753	7478.1729
153	stage_3	2	70.0	80.969	80.969	98.32	92.16	46.08	85.0	0.955	46.6401	7524.8333
154	stage_3	2	70.35	80.969	80.969	98.32	92.16	46.08	85.0	0.955	45.3922	7570.2330
155	stage_3	2	69.59	80.969	80.969	98.32	92.16	46.08	85.0	0.955	45.6429	7615.8833
156	stage_3	2	70.5	80.969	80.969	98.32	92.16	46.08	85.0	0.955	45.0847	7660.9759
157	stage_3	2	70.16	80.969	80.969	98.32	92.16	46.08	85.0	0.955	46.3837	7707.3686
158	stage_3	2	69.99	80.969	80.969	98.32	92.16	46.08	85.0	0.955	44.6703	7752.0468
159	stage_3	2	70.14	80.969	80.969	98.32	92.16	46.08	85.0	0.955	186.6864	7938.7408
160	stage_4	3	69.75	81.2	81.2	98.6	93.467	46.733	85.0	0.946	45.9116	7984.6600
161	stage_4	3	69.98	81.2	81.2	98.6	93.467	46.733	85.0	0.946	45.2371	8029.9049
162	stage_4	3	70.34	81.2	81.2	98.6	93.467	46.733	85.0	0.946	46.5923	8076.5091
163	stage_4	3	70.11	81.2	81.2	98.6	93.467	46.733	85.0	0.946	44.9028	8121.4208
164	stage_4	3	69.77	81.2	81.2	98.6	93.467	46.733	85.0	0.946	45.9510	8167.3800
165	stage_4	3	70.31	81.2	81.2	98.6	93.467	46.733	85.0	0.946	45.4073	8212.7955
166	stage_4	3	70.86	81.2	81.2	98.6	93.467	46.733	85.0	0.946	47.9674	8260.7717
167	stage_4	3	70.48	81.2	81.2	98.6	93.467	46.733	85.0	0.946	45.4635	8306.2430
168	stage_4	3	70.39	81.2	81.2	98.6	93.467	46.733	85.0	0.946	45.8888	8352.1417
169	stage_4	3	71.22	81.2	81.2	98.6	93.467	46.733	85.0	0.946	46.7175	8398.8689
170	stage_4	3	71.17	81.2	81.2	98.6	93.467	46.733	85.0	0.946	45.8268	8444.7033
171	stage_4	3	70.54	81.2	81.2	98.6	93.467	46.733	85.0	0.946	38.5419	8483.2543
172	stage_4	3	70.4	81.2	81.2	98.6	93.467	46.733	85.0	0.946	37.0337	8520.2964
173	stage_4	3	71.14	81.2	81.2	98.6	93.467	46.733	85.0	0.946	41.6092	8561.9158
174	stage_4	3	70.03	81.2	81.2	98.6	93.467	46.733	85.0	0.946	45.6582	8607.5829
175	stage_4	3	71.22	81.2	81.2	98.6	93.467	46.733	85.0	0.946	45.4484	8653.0437
176	stage_4	3	70.22	81.2	81.2	98.6	93.467	46.733	85.0	0.946	45.9207	8698.9727
177	stage_4	3	70.09	81.2	81.2	98.6	93.467	46.733	85.0	0.946	46.1914	8745.1724
178	stage_4	3	70.26	81.2	81.2	98.6	93.467	46.733	85.0	0.946	45.4700	8790.6497
179	stage_4	3	70.43	81.2	81.2	98.6	93.467	46.733	85.0	0.946	46.2433	8836.9006
180	stage_4	3	70.15	81.2	81.2	98.6	93.467	46.733	85.0	0.946	45.7921	8882.7003
181	stage_4	3	70.58	81.2	81.2	98.6	93.467	46.733	85.0	0.946	46.5950	8929.3030
182	stage_4	3	69.63	81.2	81.2	98.6	93.467	46.733	85.0	0.946	45.0584	8974.3705
183	stage_4	3	70.77	81.2	81.2	98.6	93.467	46.733	85.0	0.946	46.4356	9020.8144
184	stage_4	3	70.41	81.2	81.2	98.6	93.467	46.733	85.0	0.946	47.0066	9067.8347
185	stage_4	3	70.77	81.2	81.2	98.6	93.467	46.733	85.0	0.946	46.4915	9114.3351
186	stage_4	3	70.21	81.2	81.2	98.6	93.467	46.733	85.0	0.946	45.2571	9159.6000
187	stage_4	3	70.52	81.2	81.2	98.6	93.467	46.733	85.0	0.946	46.0204	9205.6293
188	stage_4	3	70.94	81.2	81.2	98.6	93.467	46.733	85.0	0.946	46.1644	9251.8009
189	stage_4	3	70.71	81.2	81.2	98.6	93.467	46.733	85.0	0.946	46.9438	9298.7523
190	stage_4	3	70.4	81.2	81.2	98.6	93.467	46.733	85.0	0.946	44.7907	9343.5505
191	stage_4	3	69.8	81.2	81.2	98.6	93.467	46.733	85.0	0.946	46.0822	9389.6403
192	stage_4	3	71.03	81.2	81.2	98.6	93.467	46.733	85.0	0.946	45.0401	9434.6893
193	stage_4	3	69.82	81.2	81.2	98.6	93.467	46.733	85.0	0.946	46.1222	9480.8223
194	stage_4	3	70.15	81.2	81.2	98.6	93.467	46.733	85.0	0.946	45.4441	9526.2751
195	stage_4	3	70.1	81.2	81.2	98.6	93.467	46.733	85.0	0.946	46.2271	9572.5112
196	stage_4	3	70.76	81.2	81.2	98.6	93.467	46.733	85.0	0.946	45.1542	9617.6729
197	stage_4	3	70.44	81.2	81.2	98.6	93.467	46.733	85.0	0.946	47.5339	9665.2175
198	stage_4	3	70.02	81.2	81.2	98.6	93.467	46.733	85.0	0.946	45.1727	9710.3986
199	stage_4	3	70.59	81.2	81.2	98.6	93.467	46.733	85.0	0.946	46.4654	9756.8731
200	stage_4	3	71.02	81.2	81.2	98.6	93.467	46.733	85.0	0.946	46.0923	9802.9731
201	stage_4	3	70.71	81.2	81.2	98.6	93.467	46.733	85.0	0.946	46.0967	9849.0774
202	stage_4	3	70.86	81.2	81.2	98.6	93.467	46.733	85.0	0.946	45.6342	9894.7247
203	stage_4	3	70.8	81.2	81.2	98.6	93.467	46.733	85.0	0.946	46.4224	9941.1542
204	stage_4	3	70.52	81.2	81.2	98.6	93.467	46.733	85.0	0.946	44.9940	9986.1558
205	stage_4	3	70.95	81.2	81.2	98.6	93.467	46.733	85.0	0.946	46.1930	10032.3561
206	stage_4	3	70.85	81.2	81.2	98.6	93.467	46.733	85.0	0.946	45.3678	10077.7313
207	stage_4	3	70.57	81.2	81.2	98.6	93.467	46.733	85.0	0.946	46.0326	10123.7733
208	stage_4	3	69.56	81.2	81.2	98.6	93.467	46.733	85.0	0.946	41.5059	10165.2868
209	stage_4	3	69.99	81.2	81.2	98.6	93.467	46.733	85.0	0.946	46.8261	10212.1205
