epoch	phase	stage	acc	stage_pure	clean_precision	clean_recall	noisy_precision	noisy_recall	keep_ratio	avg_teacher_similarity	round_time_sec	total_time_sec
0	warmup	warmup	19.59	None	None	None	None	None	None	None	56.4086	56.4153
1	warmup	warmup	45.64	None	None	None	None	None	None	None	55.4970	111.9228
2	warmup	warmup	68.93	None	None	None	None	None	None	None	55.6854	167.6147
3	warmup	warmup	76.54	None	None	None	None	None	None	None	55.4788	223.1040
4	warmup	warmup	79.84	None	None	None	None	None	None	None	55.5909	278.7032
5	warmup	warmup	82.33	None	None	None	None	None	None	None	55.4788	334.1922
6	warmup	warmup	83.83	None	None	None	None	None	None	None	55.2699	389.4685
7	warmup	warmup	84.71	None	None	None	None	None	None	None	117.3535	506.8352
8	stage_1	0	74.26	93.987	93.987	87.248	74.5	86.969	64.99	0.986	43.2753	550.1192
9	stage_1	0	81.39	93.987	93.987	87.248	74.5	86.969	64.99	0.986	42.7272	592.8539
10	stage_1	0	81.88	93.987	93.987	87.248	74.5	86.969	64.99	0.986	42.8541	635.7187
11	stage_1	0	82.64	93.987	93.987	87.248	74.5	86.969	64.99	0.986	42.8711	678.5973
12	stage_1	0	82.92	93.987	93.987	87.248	74.5	86.969	64.99	0.986	43.8651	722.4759
13	stage_1	0	83.3	93.987	93.987	87.248	74.5	86.969	64.99	0.986	42.8244	765.4295
14	stage_1	0	84.22	93.987	93.987	87.248	74.5	86.969	64.99	0.986	42.7109	808.1468
15	stage_1	0	84.42	93.987	93.987	87.248	74.5	86.969	64.99	0.986	43.2987	851.4650
16	stage_1	0	84.68	93.987	93.987	87.248	74.5	86.969	64.99	0.986	43.2280	894.6998
17	stage_1	0	85.28	93.987	93.987	87.248	74.5	86.969	64.99	0.986	42.9170	937.6273
18	stage_1	0	85.66	93.987	93.987	87.248	74.5	86.969	64.99	0.986	42.8198	980.4539
19	stage_1	0	86.34	93.987	93.987	87.248	74.5	86.969	64.99	0.986	43.1181	1023.5825
20	stage_1	0	86.56	93.987	93.987	87.248	74.5	86.969	64.99	0.986	42.8751	1066.4648
21	stage_1	0	86.42	93.987	93.987	87.248	74.5	86.969	64.99	0.986	43.1448	1109.6187
22	stage_1	0	86.94	93.987	93.987	87.248	74.5	86.969	64.99	0.986	42.9418	1152.5686
23	stage_1	0	86.96	93.987	93.987	87.248	74.5	86.969	64.99	0.986	44.0744	1196.6525
24	stage_1	0	87.16	93.987	93.987	87.248	74.5	86.969	64.99	0.986	42.5654	1239.2259
25	stage_1	0	87.36	93.987	93.987	87.248	74.5	86.969	64.99	0.986	42.8733	1282.1095
26	stage_1	0	87.19	93.987	93.987	87.248	74.5	86.969	64.99	0.986	42.8945	1325.0122
27	stage_1	0	87.7	93.987	93.987	87.248	74.5	86.969	64.99	0.986	43.7184	1368.7400
28	stage_1	0	87.6	93.987	93.987	87.248	74.5	86.969	64.99	0.986	42.7848	1411.5330
29	stage_1	0	88.12	93.987	93.987	87.248	74.5	86.969	64.99	0.986	89.2341	1500.7766
30	stage_2	1	87.55	96.66	96.66	89.73	79.464	92.763	64.99	0.981	43.0943	1543.8813
31	stage_2	1	87.91	96.66	96.66	89.73	79.464	92.763	64.99	0.981	42.3856	1586.2735
32	stage_2	1	88.02	96.66	96.66	89.73	79.464	92.763	64.99	0.981	42.4138	1628.6983
33	stage_2	1	87.72	96.66	96.66	89.73	79.464	92.763	64.99	0.981	42.5860	1671.2913
34	stage_2	1	88.66	96.66	96.66	89.73	79.464	92.763	64.99	0.981	42.6757	1713.9782
35	stage_2	1	88.82	96.66	96.66	89.73	79.464	92.763	64.99	0.981	42.5897	1756.5747
36	stage_2	1	88.94	96.66	96.66	89.73	79.464	92.763	64.99	0.981	42.7213	1799.3064
37	stage_2	1	88.61	96.66	96.66	89.73	79.464	92.763	64.99	0.981	42.5333	1841.8465
38	stage_2	1	89.24	96.66	96.66	89.73	79.464	92.763	64.99	0.981	42.9052	1884.7619
39	stage_2	1	89.54	96.66	96.66	89.73	79.464	92.763	64.99	0.981	42.3729	1927.1413
40	stage_2	1	88.96	96.66	96.66	89.73	79.464	92.763	64.99	0.981	42.3540	1969.5061
41	stage_2	1	89.26	96.66	96.66	89.73	79.464	92.763	64.99	0.981	42.7358	2012.2484
42	stage_2	1	89.52	96.66	96.66	89.73	79.464	92.763	64.99	0.981	42.8393	2055.0983
43	stage_2	1	89.3	96.66	96.66	89.73	79.464	92.763	64.99	0.981	42.6897	2097.7947
44	stage_2	1	89.65	96.66	96.66	89.73	79.464	92.763	64.99	0.981	42.6352	2140.4404
45	stage_2	1	89.83	96.66	96.66	89.73	79.464	92.763	64.99	0.981	43.9680	2184.4160
46	stage_2	1	89.63	96.66	96.66	89.73	79.464	92.763	64.99	0.981	42.6167	2227.0420
47	stage_2	1	89.66	96.66	96.66	89.73	79.464	92.763	64.99	0.981	42.9147	2269.9646
48	stage_2	1	89.56	96.66	96.66	89.73	79.464	92.763	64.99	0.981	43.0479	2313.0226
49	stage_2	1	89.71	96.66	96.66	89.73	79.464	92.763	64.99	0.981	42.1651	2355.1960
50	stage_2	1	89.88	96.66	96.66	89.73	79.464	92.763	64.99	0.981	42.4632	2397.6688
51	stage_2	1	90.09	96.66	96.66	89.73	79.464	92.763	64.99	0.981	75.2381	2472.9139
52	stage_3	2	89.11	96.41	96.41	89.498	79.0	92.221	64.99	0.982	42.7569	2515.6817
53	stage_3	2	89.38	96.41	96.41	89.498	79.0	92.221	64.99	0.982	42.8850	2558.5746
54	stage_3	2	89.05	96.41	96.41	89.498	79.0	92.221	64.99	0.982	43.4121	2601.9973
55	stage_3	2	89.58	96.41	96.41	89.498	79.0	92.221	64.99	0.982	42.9079	2644.9125
56	stage_3	2	89.11	96.41	96.41	89.498	79.0	92.221	64.99	0.982	43.6925	2688.6164
57	stage_3	2	88.73	96.41	96.41	89.498	79.0	92.221	64.99	0.982	42.8870	2731.5105
58	stage_3	2	89.34	96.41	96.41	89.498	79.0	92.221	64.99	0.982	42.2363	2773.7567
59	stage_3	2	89.44	96.41	96.41	89.498	79.0	92.221	64.99	0.982	42.7376	2816.5028
60	stage_3	2	88.9	96.41	96.41	89.498	79.0	92.221	64.99	0.982	42.9024	2859.4165
61	stage_3	2	89.08	96.41	96.41	89.498	79.0	92.221	64.99	0.982	42.8917	2902.3166
62	stage_3	2	89.5	96.41	96.41	89.498	79.0	92.221	64.99	0.982	42.9577	2945.2837
63	stage_3	2	89.32	96.41	96.41	89.498	79.0	92.221	64.99	0.982	42.9979	2988.2887
64	stage_3	2	90.02	96.41	96.41	89.498	79.0	92.221	64.99	0.982	43.2577	3031.5574
65	stage_3	2	89.45	96.41	96.41	89.498	79.0	92.221	64.99	0.982	42.8590	3074.4245
66	stage_3	2	89.12	96.41	96.41	89.498	79.0	92.221	64.99	0.982	42.5007	3116.9360
67	stage_3	2	89.41	96.41	96.41	89.498	79.0	92.221	64.99	0.982	42.8968	3159.8400
68	stage_3	2	89.25	96.41	96.41	89.498	79.0	92.221	64.99	0.982	42.6150	3202.4660
69	stage_3	2	89.51	96.41	96.41	89.498	79.0	92.221	64.99	0.982	43.4007	3245.8739
70	stage_3	2	89.41	96.41	96.41	89.498	79.0	92.221	64.99	0.982	43.1239	3289.0072
71	stage_3	2	88.79	96.41	96.41	89.498	79.0	92.221	64.99	0.982	42.6688	3331.6890
72	stage_3	2	89.61	96.41	96.41	89.498	79.0	92.221	64.99	0.982	43.4678	3375.1662
73	stage_3	2	89.11	96.41	96.41	89.498	79.0	92.221	64.99	0.982	62.2052	3437.3797
74	stage_4	3	89.41	94.873	94.873	88.071	76.145	88.889	64.99	0.981	42.0604	3479.4535
75	stage_4	3	89.13	94.873	94.873	88.071	76.145	88.889	64.99	0.981	42.4461	3521.9068
76	stage_4	3	89.1	94.873	94.873	88.071	76.145	88.889	64.99	0.981	43.0408	3564.9621
77	stage_4	3	88.66	94.873	94.873	88.071	76.145	88.889	64.99	0.981	42.7277	3607.6969
78	stage_4	3	89.12	94.873	94.873	88.071	76.145	88.889	64.99	0.981	43.4836	3651.1912
79	stage_4	3	88.88	94.873	94.873	88.071	76.145	88.889	64.99	0.981	42.6883	3693.8866
80	stage_4	3	88.71	94.873	94.873	88.071	76.145	88.889	64.99	0.981	42.7556	3736.6553
81	stage_4	3	88.81	94.873	94.873	88.071	76.145	88.889	64.99	0.981	42.6444	3779.3069
82	stage_4	3	88.82	94.873	94.873	88.071	76.145	88.889	64.99	0.981	43.1861	3822.5039
83	stage_4	3	89.17	94.873	94.873	88.071	76.145	88.889	64.99	0.981	42.5436	3865.0546
84	stage_4	3	88.61	94.873	94.873	88.071	76.145	88.889	64.99	0.981	42.2636	3907.3292
85	stage_4	3	88.54	94.873	94.873	88.071	76.145	88.889	64.99	0.981	42.6478	3949.9839
86	stage_4	3	88.72	94.873	94.873	88.071	76.145	88.889	64.99	0.981	43.7217	3993.7165
87	stage_4	3	88.97	94.873	94.873	88.071	76.145	88.889	64.99	0.981	41.9674	4035.6914
88	stage_4	3	88.87	94.873	94.873	88.071	76.145	88.889	64.99	0.981	42.7855	4078.4879
89	stage_4	3	88.61	94.873	94.873	88.071	76.145	88.889	64.99	0.981	42.5920	4121.0870
90	stage_4	3	88.74	94.873	94.873	88.071	76.145	88.889	64.99	0.981	42.2979	4163.3945
91	stage_4	3	88.2	94.873	94.873	88.071	76.145	88.889	64.99	0.981	42.5087	4205.9114
92	stage_4	3	88.49	94.873	94.873	88.071	76.145	88.889	64.99	0.981	42.0135	4247.9382
93	stage_4	3	88.49	94.873	94.873	88.071	76.145	88.889	64.99	0.981	41.9948	4289.9414
94	stage_4	3	88.15	94.873	94.873	88.071	76.145	88.889	64.99	0.981	42.1901	4332.1408
95	stage_4	3	88.86	94.873	94.873	88.071	76.145	88.889	64.99	0.981	42.3764	4374.5257
