epoch	phase	stage	acc	stage_pure	clean_precision	clean_recall	noisy_precision	noisy_recall	keep_ratio	avg_teacher_similarity	round_time_sec	total_time_sec
0	warmup	warmup	1.0	None	None	None	None	None	None	None	127.4261	127.4322
1	warmup	warmup	2.13	None	None	None	None	None	None	None	125.3471	252.7869
2	warmup	warmup	7.61	None	None	None	None	None	None	None	127.0944	379.8876
3	warmup	warmup	11.59	None	None	None	None	None	None	None	127.0711	506.9653
4	warmup	warmup	14.4	None	None	None	None	None	None	None	127.7594	634.7325
5	warmup	warmup	17.07	None	None	None	None	None	None	None	124.9741	759.7145
6	warmup	warmup	18.73	None	None	None	None	None	None	None	126.9618	886.6837
7	warmup	warmup	20.76	None	None	None	None	None	None	None	125.5353	1012.2267
8	warmup	warmup	22.58	None	None	None	None	None	None	None	125.4109	1137.6455
9	warmup	warmup	24.38	None	None	None	None	None	None	None	127.6726	1265.3258
10	warmup	warmup	24.96	None	None	None	None	None	None	None	126.7884	1392.1215
11	warmup	warmup	26.16	None	None	None	None	None	None	None	126.6517	1518.7810
12	warmup	warmup	27.93	None	None	None	None	None	None	None	125.8537	1644.6425
13	warmup	warmup	28.7	None	None	None	None	None	None	None	125.4811	1770.1326
14	warmup	warmup	29.37	None	None	None	None	None	None	None	127.0078	1897.1482
15	warmup	warmup	30.0	None	None	None	None	None	None	None	128.2033	2025.3606
16	warmup	warmup	30.3	None	None	None	None	None	None	None	126.4638	2151.8341
17	warmup	warmup	30.86	None	None	None	None	None	None	None	124.9853	2276.8271
18	warmup	warmup	31.64	None	None	None	None	None	None	None	128.9209	2405.7558
19	warmup	warmup	31.61	None	None	None	None	None	None	None	152.5864	2558.3540
20	stage_1	0	30.48	84.368	84.368	64.12	71.065	88.12	38.0	0.988	67.4984	2625.8605
21	stage_1	0	32.43	84.368	84.368	64.12	71.065	88.12	38.0	0.988	67.0547	2692.9238
22	stage_1	0	33.41	84.368	84.368	64.12	71.065	88.12	38.0	0.988	69.2918	2762.2237
23	stage_1	0	34.43	84.368	84.368	64.12	71.065	88.12	38.0	0.988	66.2796	2828.5111
24	stage_1	0	34.84	84.368	84.368	64.12	71.065	88.12	38.0	0.988	66.8239	2895.3450
25	stage_1	0	35.23	84.368	84.368	64.12	71.065	88.12	38.0	0.988	68.6654	2964.0185
26	stage_1	0	35.99	84.368	84.368	64.12	71.065	88.12	38.0	0.988	68.1842	3032.2111
27	stage_1	0	35.35	84.368	84.368	64.12	71.065	88.12	38.0	0.988	68.9586	3101.1776
28	stage_1	0	36.49	84.368	84.368	64.12	71.065	88.12	38.0	0.988	68.3170	3169.5025
29	stage_1	0	37.15	84.368	84.368	64.12	71.065	88.12	38.0	0.988	68.7053	3238.2164
30	stage_1	0	37.48	84.368	84.368	64.12	71.065	88.12	38.0	0.988	68.0207	3306.2450
31	stage_1	0	37.18	84.368	84.368	64.12	71.065	88.12	38.0	0.988	67.2173	3373.4706
32	stage_1	0	37.12	84.368	84.368	64.12	71.065	88.12	38.0	0.988	66.6665	3440.1485
33	stage_1	0	37.8	84.368	84.368	64.12	71.065	88.12	38.0	0.988	68.0817	3508.2397
34	stage_1	0	37.98	84.368	84.368	64.12	71.065	88.12	38.0	0.988	67.6899	3575.9374
35	stage_1	0	37.94	84.368	84.368	64.12	71.065	88.12	38.0	0.988	67.1708	3643.1166
36	stage_1	0	38.47	84.368	84.368	64.12	71.065	88.12	38.0	0.988	66.7200	3709.8446
37	stage_1	0	38.32	84.368	84.368	64.12	71.065	88.12	38.0	0.988	67.2330	3777.0858
38	stage_1	0	38.59	84.368	84.368	64.12	71.065	88.12	38.0	0.988	89.9349	3867.0293
39	stage_2	1	39.46	88.205	88.205	67.036	73.416	91.036	38.0	0.989	70.7585	3937.7962
40	stage_2	1	40.2	88.205	88.205	67.036	73.416	91.036	38.0	0.989	67.5641	4005.3680
41	stage_2	1	40.21	88.205	88.205	67.036	73.416	91.036	38.0	0.989	69.3472	4074.7230
42	stage_2	1	40.6	88.205	88.205	67.036	73.416	91.036	38.0	0.989	67.7218	4142.4539
43	stage_2	1	40.87	88.205	88.205	67.036	73.416	91.036	38.0	0.989	67.5728	4210.0368
44	stage_2	1	41.09	88.205	88.205	67.036	73.416	91.036	38.0	0.989	68.5102	4278.5592
45	stage_2	1	40.88	88.205	88.205	67.036	73.416	91.036	38.0	0.989	69.0192	4347.5880
46	stage_2	1	41.42	88.205	88.205	67.036	73.416	91.036	38.0	0.989	70.3016	4417.8975
47	stage_2	1	41.63	88.205	88.205	67.036	73.416	91.036	38.0	0.989	68.5853	4486.4917
48	stage_2	1	41.7	88.205	88.205	67.036	73.416	91.036	38.0	0.989	69.0669	4555.5664
49	stage_2	1	42.03	88.205	88.205	67.036	73.416	91.036	38.0	0.989	69.2554	4624.8370
50	stage_2	1	41.53	88.205	88.205	67.036	73.416	91.036	38.0	0.989	68.8195	4693.6652
51	stage_2	1	41.9	88.205	88.205	67.036	73.416	91.036	38.0	0.989	68.0363	4761.7099
52	stage_2	1	41.78	88.205	88.205	67.036	73.416	91.036	38.0	0.989	67.6602	4829.3787
53	stage_2	1	42.17	88.205	88.205	67.036	73.416	91.036	38.0	0.989	67.6593	4897.0462
54	stage_2	1	42.48	88.205	88.205	67.036	73.416	91.036	38.0	0.989	69.4940	4966.5485
55	stage_2	1	42.34	88.205	88.205	67.036	73.416	91.036	38.0	0.989	69.2540	5035.8110
56	stage_2	1	42.32	88.205	88.205	67.036	73.416	91.036	38.0	0.989	67.8907	5103.7104
57	stage_2	1	42.5	88.205	88.205	67.036	73.416	91.036	38.0	0.989	84.5051	5188.2239
58	stage_3	2	43.04	89.321	89.321	67.884	74.1	91.884	38.0	0.991	68.4049	5256.6401
59	stage_3	2	42.84	89.321	89.321	67.884	74.1	91.884	38.0	0.991	68.2936	5324.9445
60	stage_3	2	42.98	89.321	89.321	67.884	74.1	91.884	38.0	0.991	68.9971	5393.9527
61	stage_3	2	43.39	89.321	89.321	67.884	74.1	91.884	38.0	0.991	68.0837	5462.0446
62	stage_3	2	43.38	89.321	89.321	67.884	74.1	91.884	38.0	0.991	69.1168	5531.1698
63	stage_3	2	43.46	89.321	89.321	67.884	74.1	91.884	38.0	0.991	70.0275	5601.2053
64	stage_3	2	43.78	89.321	89.321	67.884	74.1	91.884	38.0	0.991	69.1247	5670.3386
65	stage_3	2	43.78	89.321	89.321	67.884	74.1	91.884	38.0	0.991	70.1508	5740.4981
66	stage_3	2	43.71	89.321	89.321	67.884	74.1	91.884	38.0	0.991	68.5223	5809.0288
67	stage_3	2	43.56	89.321	89.321	67.884	74.1	91.884	38.0	0.991	69.4930	5878.5334
68	stage_3	2	43.48	89.321	89.321	67.884	74.1	91.884	38.0	0.991	69.0176	5947.5594
69	stage_3	2	44.03	89.321	89.321	67.884	74.1	91.884	38.0	0.991	68.0220	6015.5916
70	stage_3	2	44.53	89.321	89.321	67.884	74.1	91.884	38.0	0.991	68.5510	6084.1519
71	stage_3	2	44.08	89.321	89.321	67.884	74.1	91.884	38.0	0.991	68.1694	6152.3288
72	stage_3	2	44.27	89.321	89.321	67.884	74.1	91.884	38.0	0.991	68.7682	6221.1059
73	stage_3	2	44.15	89.321	89.321	67.884	74.1	91.884	38.0	0.991	70.8542	6291.9687
74	stage_3	2	44.44	89.321	89.321	67.884	74.1	91.884	38.0	0.991	67.4120	6359.3889
75	stage_3	2	44.38	89.321	89.321	67.884	74.1	91.884	38.0	0.991	68.8653	6428.2628
76	stage_3	2	44.1	89.321	89.321	67.884	74.1	91.884	38.0	0.991	82.5940	6510.8667
77	stage_4	3	44.45	88.579	88.579	67.32	73.645	91.32	38.0	0.99	69.0612	6579.9373
78	stage_4	3	44.66	88.579	88.579	67.32	73.645	91.32	38.0	0.99	68.9578	6648.9033
79	stage_4	3	44.8	88.579	88.579	67.32	73.645	91.32	38.0	0.99	68.5559	6717.4693
80	stage_4	3	44.34	88.579	88.579	67.32	73.645	91.32	38.0	0.99	68.2393	6785.7171
81	stage_4	3	44.39	88.579	88.579	67.32	73.645	91.32	38.0	0.99	67.7125	6853.4399
82	stage_4	3	44.58	88.579	88.579	67.32	73.645	91.32	38.0	0.99	68.2035	6921.6516
83	stage_4	3	44.65	88.579	88.579	67.32	73.645	91.32	38.0	0.99	69.3707	6991.0329
84	stage_4	3	44.44	88.579	88.579	67.32	73.645	91.32	38.0	0.99	68.6305	7059.6718
85	stage_4	3	44.63	88.579	88.579	67.32	73.645	91.32	38.0	0.99	69.2021	7128.8823
86	stage_4	3	44.68	88.579	88.579	67.32	73.645	91.32	38.0	0.99	69.8276	7198.7172
