epoch	phase	stage	acc	stage_pure	clean_precision	clean_recall	noisy_precision	noisy_recall	keep_ratio	avg_teacher_similarity	round_time_sec	total_time_sec
0	warmup	warmup	12.52	None	None	None	None	None	None	None	28.5720	28.5786
1	warmup	warmup	16.49	None	None	None	None	None	None	None	25.8310	54.4188
2	warmup	warmup	23.59	None	None	None	None	None	None	None	26.9386	81.3637
3	warmup	warmup	33.02	None	None	None	None	None	None	None	28.6678	110.0377
4	warmup	warmup	35.1	None	None	None	None	None	None	None	27.2609	137.3063
5	warmup	warmup	36.46	None	None	None	None	None	None	None	33.0367	170.3494
6	warmup	warmup	37.69	None	None	None	None	None	None	None	32.6877	203.0434
7	warmup	warmup	38.63	None	None	None	None	None	None	None	145.0857	348.1366
8	stage_1	0	34.12	76.877	76.877	65.894	40.315	53.753	60.0	0.985	32.4549	380.5986
9	stage_1	0	37.18	76.877	76.877	65.894	40.315	53.753	60.0	0.985	31.3702	411.9750
10	stage_1	0	38.58	76.877	76.877	65.894	40.315	53.753	60.0	0.985	32.0990	444.0814
11	stage_1	0	39.26	76.877	76.877	65.894	40.315	53.753	60.0	0.985	32.4679	476.5556
12	stage_1	0	40.53	76.877	76.877	65.894	40.315	53.753	60.0	0.985	33.2061	509.7693
13	stage_1	0	40.81	76.877	76.877	65.894	40.315	53.753	60.0	0.985	32.2357	542.0114
14	stage_1	0	42.24	76.877	76.877	65.894	40.315	53.753	60.0	0.985	31.9182	573.9377
15	stage_1	0	43.05	76.877	76.877	65.894	40.315	53.753	60.0	0.985	32.6415	606.5912
16	stage_1	0	42.56	76.877	76.877	65.894	40.315	53.753	60.0	0.985	34.7310	641.3304
17	stage_1	0	43.93	76.877	76.877	65.894	40.315	53.753	60.0	0.985	33.1918	674.5298
18	stage_1	0	42.66	76.877	76.877	65.894	40.315	53.753	60.0	0.985	32.2120	706.7484
19	stage_1	0	44.57	76.877	76.877	65.894	40.315	53.753	60.0	0.985	32.3439	739.1002
20	stage_1	0	44.67	76.877	76.877	65.894	40.315	53.753	60.0	0.985	31.0329	770.1409
21	stage_1	0	44.77	76.877	76.877	65.894	40.315	53.753	60.0	0.985	31.6773	801.8250
22	stage_1	0	45.44	76.877	76.877	65.894	40.315	53.753	60.0	0.985	31.7371	833.5689
23	stage_1	0	46.08	76.877	76.877	65.894	40.315	53.753	60.0	0.985	31.4400	865.0156
24	stage_1	0	46.09	76.877	76.877	65.894	40.315	53.753	60.0	0.985	31.8669	896.8941
25	stage_1	0	46.61	76.877	76.877	65.894	40.315	53.753	60.0	0.985	32.6774	929.5780
26	stage_1	0	47.29	76.877	76.877	65.894	40.315	53.753	60.0	0.985	31.9251	961.5100
27	stage_1	0	45.94	76.877	76.877	65.894	40.315	53.753	60.0	0.985	33.7256	995.2423
28	stage_1	0	47.91	76.877	76.877	65.894	40.315	53.753	60.0	0.985	34.7695	1030.0195
29	stage_1	0	47.42	76.877	76.877	65.894	40.315	53.753	60.0	0.985	145.1030	1175.1289
30	stage_2	1	45.41	86.223	86.223	73.906	54.335	72.447	60.0	0.965	32.7863	1207.9219
31	stage_2	1	46.99	86.223	86.223	73.906	54.335	72.447	60.0	0.965	31.4640	1239.3937
32	stage_2	1	47.64	86.223	86.223	73.906	54.335	72.447	60.0	0.965	31.4564	1270.8569
33	stage_2	1	48.5	86.223	86.223	73.906	54.335	72.447	60.0	0.965	30.4665	1301.3317
34	stage_2	1	48.38	86.223	86.223	73.906	54.335	72.447	60.0	0.965	32.6861	1334.0295
35	stage_2	1	47.85	86.223	86.223	73.906	54.335	72.447	60.0	0.965	32.9793	1367.0153
36	stage_2	1	48.12	86.223	86.223	73.906	54.335	72.447	60.0	0.965	32.6128	1399.6347
37	stage_2	1	49.41	86.223	86.223	73.906	54.335	72.447	60.0	0.965	32.7701	1432.4112
38	stage_2	1	48.86	86.223	86.223	73.906	54.335	72.447	60.0	0.965	32.3947	1464.8125
39	stage_2	1	48.98	86.223	86.223	73.906	54.335	72.447	60.0	0.965	32.1957	1497.0158
40	stage_2	1	49.51	86.223	86.223	73.906	54.335	72.447	60.0	0.965	30.4863	1527.5115
41	stage_2	1	50.14	86.223	86.223	73.906	54.335	72.447	60.0	0.965	31.7346	1559.2576
42	stage_2	1	50.52	86.223	86.223	73.906	54.335	72.447	60.0	0.965	32.6266	1591.8910
43	stage_2	1	50.24	86.223	86.223	73.906	54.335	72.447	60.0	0.965	31.8759	1623.7735
44	stage_2	1	50.17	86.223	86.223	73.906	54.335	72.447	60.0	0.965	32.2855	1656.0655
45	stage_2	1	50.31	86.223	86.223	73.906	54.335	72.447	60.0	0.965	30.6330	1686.7049
46	stage_2	1	50.35	86.223	86.223	73.906	54.335	72.447	60.0	0.965	31.5805	1718.2920
47	stage_2	1	51.12	86.223	86.223	73.906	54.335	72.447	60.0	0.965	32.4141	1750.7131
48	stage_2	1	50.48	86.223	86.223	73.906	54.335	72.447	60.0	0.965	33.3075	1784.0281
49	stage_2	1	50.94	86.223	86.223	73.906	54.335	72.447	60.0	0.965	32.0606	1816.0956
50	stage_2	1	50.97	86.223	86.223	73.906	54.335	72.447	60.0	0.965	31.4180	1847.5201
51	stage_2	1	50.62	86.223	86.223	73.906	54.335	72.447	60.0	0.965	147.7694	1995.2965
52	stage_3	2	49.71	86.193	86.193	73.88	54.29	72.387	60.0	0.934	30.5254	2025.8300
53	stage_3	2	51.33	86.193	86.193	73.88	54.29	72.387	60.0	0.934	32.0855	2057.9225
54	stage_3	2	51.41	86.193	86.193	73.88	54.29	72.387	60.0	0.934	31.5135	2089.4503
55	stage_3	2	50.92	86.193	86.193	73.88	54.29	72.387	60.0	0.934	32.2723	2121.7310
56	stage_3	2	51.23	86.193	86.193	73.88	54.29	72.387	60.0	0.934	32.3952	2154.1329
57	stage_3	2	52.27	86.193	86.193	73.88	54.29	72.387	60.0	0.934	32.6766	2186.8171
58	stage_3	2	53.07	86.193	86.193	73.88	54.29	72.387	60.0	0.934	31.6253	2218.4494
59	stage_3	2	52.28	86.193	86.193	73.88	54.29	72.387	60.0	0.934	31.0767	2249.5340
60	stage_3	2	52.51	86.193	86.193	73.88	54.29	72.387	60.0	0.934	32.7815	2282.3224
61	stage_3	2	51.51	86.193	86.193	73.88	54.29	72.387	60.0	0.934	32.3417	2314.6707
62	stage_3	2	53.03	86.193	86.193	73.88	54.29	72.387	60.0	0.934	32.1987	2346.8763
63	stage_3	2	52.35	86.193	86.193	73.88	54.29	72.387	60.0	0.934	32.0314	2378.9146
64	stage_3	2	52.67	86.193	86.193	73.88	54.29	72.387	60.0	0.934	32.0651	2410.9879
65	stage_3	2	52.62	86.193	86.193	73.88	54.29	72.387	60.0	0.934	30.1723	2441.1671
66	stage_3	2	52.44	86.193	86.193	73.88	54.29	72.387	60.0	0.934	32.2775	2473.4529
67	stage_3	2	53.46	86.193	86.193	73.88	54.29	72.387	60.0	0.934	33.5581	2507.0180
68	stage_3	2	53.1	86.193	86.193	73.88	54.29	72.387	60.0	0.934	32.0715	2539.0985
69	stage_3	2	52.42	86.193	86.193	73.88	54.29	72.387	60.0	0.934	34.0565	2573.1615
70	stage_3	2	53.52	86.193	86.193	73.88	54.29	72.387	60.0	0.934	33.7850	2606.9558
71	stage_3	2	53.78	86.193	86.193	73.88	54.29	72.387	60.0	0.934	33.2067	2640.1703
72	stage_3	2	53.91	86.193	86.193	73.88	54.29	72.387	60.0	0.934	32.0160	2672.1951
73	stage_3	2	53.8	86.193	86.193	73.88	54.29	72.387	60.0	0.934	144.8396	2817.0418
74	stage_4	3	53.68	86.593	86.593	74.223	54.89	73.187	60.0	0.913	32.3279	2849.3781
75	stage_4	3	54.17	86.593	86.593	74.223	54.89	73.187	60.0	0.913	32.3277	2881.7131
76	stage_4	3	54.13	86.593	86.593	74.223	54.89	73.187	60.0	0.913	33.9164	2915.6376
77	stage_4	3	52.64	86.593	86.593	74.223	54.89	73.187	60.0	0.913	34.7546	2950.4001
78	stage_4	3	54.05	86.593	86.593	74.223	54.89	73.187	60.0	0.913	33.0488	2983.4571
79	stage_4	3	53.93	86.593	86.593	74.223	54.89	73.187	60.0	0.913	31.8107	3015.2793
80	stage_4	3	54.29	86.593	86.593	74.223	54.89	73.187	60.0	0.913	34.9101	3050.1977
81	stage_4	3	54.75	86.593	86.593	74.223	54.89	73.187	60.0	0.913	35.1319	3085.3364
82	stage_4	3	54.07	86.593	86.593	74.223	54.89	73.187	60.0	0.913	32.7573	3118.1020
83	stage_4	3	55.27	86.593	86.593	74.223	54.89	73.187	60.0	0.913	33.2021	3151.3112
84	stage_4	3	54.22	86.593	86.593	74.223	54.89	73.187	60.0	0.913	31.6626	3182.9821
85	stage_4	3	54.85	86.593	86.593	74.223	54.89	73.187	60.0	0.913	33.1067	3216.0956
86	stage_4	3	54.04	86.593	86.593	74.223	54.89	73.187	60.0	0.913	32.8749	3248.9797
87	stage_4	3	55.43	86.593	86.593	74.223	54.89	73.187	60.0	0.913	33.2210	3282.2085
88	stage_4	3	55.39	86.593	86.593	74.223	54.89	73.187	60.0	0.913	32.8153	3315.0329
89	stage_4	3	55.38	86.593	86.593	74.223	54.89	73.187	60.0	0.913	32.3757	3347.4186
90	stage_4	3	55.08	86.593	86.593	74.223	54.89	73.187	60.0	0.913	31.7630	3379.1955
91	stage_4	3	55.32	86.593	86.593	74.223	54.89	73.187	60.0	0.913	32.3027	3411.5069
92	stage_4	3	56.16	86.593	86.593	74.223	54.89	73.187	60.0	0.913	32.8055	3444.3245
93	stage_4	3	55.24	86.593	86.593	74.223	54.89	73.187	60.0	0.913	32.0912	3476.4249
94	stage_4	3	55.88	86.593	86.593	74.223	54.89	73.187	60.0	0.913	33.0041	3509.4383
95	stage_4	3	55.86	86.593	86.593	74.223	54.89	73.187	60.0	0.913	32.6659	3542.1120
