epoch	phase	stage	acc	stage_pure	clean_precision	clean_recall	noisy_precision	noisy_recall	keep_ratio	avg_teacher_similarity	round_time_sec	total_time_sec
0	warmup	warmup	1.0	None	None	None	None	None	None	None	126.4030	126.4100
1	warmup	warmup	1.58	None	None	None	None	None	None	None	125.6900	252.1095
2	warmup	warmup	6.99	None	None	None	None	None	None	None	125.1462	377.2639
3	warmup	warmup	9.14	None	None	None	None	None	None	None	125.2916	502.5636
4	warmup	warmup	12.55	None	None	None	None	None	None	None	127.0613	629.6332
5	warmup	warmup	13.74	None	None	None	None	None	None	None	124.5873	754.2301
6	warmup	warmup	15.35	None	None	None	None	None	None	None	124.5163	878.7548
7	warmup	warmup	16.53	None	None	None	None	None	None	None	125.1813	1003.9444
8	warmup	warmup	16.72	None	None	None	None	None	None	None	125.1818	1129.1343
9	warmup	warmup	18.61	None	None	None	None	None	None	None	124.9438	1254.0866
10	warmup	warmup	20.15	None	None	None	None	None	None	None	124.8205	1378.9168
11	warmup	warmup	20.48	None	None	None	None	None	None	None	124.1603	1503.0854
12	warmup	warmup	21.98	None	None	None	None	None	None	None	126.5203	1629.6141
13	warmup	warmup	22.51	None	None	None	None	None	None	None	124.9035	1754.5259
14	warmup	warmup	23.73	None	None	None	None	None	None	None	125.3231	1879.8572
15	warmup	warmup	25.56	None	None	None	None	None	None	None	127.6309	2007.4961
16	warmup	warmup	24.99	None	None	None	None	None	None	None	126.9502	2134.4543
17	warmup	warmup	25.47	None	None	None	None	None	None	None	125.4464	2259.9092
18	warmup	warmup	25.66	None	None	None	None	None	None	None	127.5788	2387.4965
19	warmup	warmup	27.6	None	None	None	None	None	None	None	153.2603	2540.7693
20	stage_1	0	27.37	50.071	50.071	90.128	50.64	10.128	90.0	0.99	118.4944	2659.2726
21	stage_1	0	27.8	50.071	50.071	90.128	50.64	10.128	90.0	0.99	117.7023	2776.9832
22	stage_1	0	27.61	50.071	50.071	90.128	50.64	10.128	90.0	0.99	117.0854	2894.0770
23	stage_1	0	27.28	50.071	50.071	90.128	50.64	10.128	90.0	0.99	117.7283	3011.8148
24	stage_1	0	28.32	50.071	50.071	90.128	50.64	10.128	90.0	0.99	117.7244	3129.5476
25	stage_1	0	28.6	50.071	50.071	90.128	50.64	10.128	90.0	0.99	117.8492	3247.4068
26	stage_1	0	28.17	50.071	50.071	90.128	50.64	10.128	90.0	0.99	117.7058	3365.1213
27	stage_1	0	28.87	50.071	50.071	90.128	50.64	10.128	90.0	0.99	117.4336	3482.5622
28	stage_1	0	29.63	50.071	50.071	90.128	50.64	10.128	90.0	0.99	117.1940	3599.7646
29	stage_1	0	29.63	50.071	50.071	90.128	50.64	10.128	90.0	0.99	118.8286	3718.6027
30	stage_1	0	29.26	50.071	50.071	90.128	50.64	10.128	90.0	0.99	120.1964	3838.8077
31	stage_1	0	29.58	50.071	50.071	90.128	50.64	10.128	90.0	0.99	117.3284	3956.1467
32	stage_1	0	29.03	50.071	50.071	90.128	50.64	10.128	90.0	0.99	117.0811	4073.2349
33	stage_1	0	28.97	50.071	50.071	90.128	50.64	10.128	90.0	0.99	118.4748	4191.7166
34	stage_1	0	29.24	50.071	50.071	90.128	50.64	10.128	90.0	0.99	119.6209	4311.3445
35	stage_1	0	29.55	50.071	50.071	90.128	50.64	10.128	90.0	0.99	118.1518	4429.5036
36	stage_1	0	30.08	50.071	50.071	90.128	50.64	10.128	90.0	0.99	117.5845	4547.0951
37	stage_1	0	30.2	50.071	50.071	90.128	50.64	10.128	90.0	0.99	117.3774	4664.4811
38	stage_1	0	29.82	50.071	50.071	90.128	50.64	10.128	90.0	0.99	142.9617	4807.4517
39	stage_2	1	29.56	50.209	50.209	70.292	50.487	30.292	70.0	0.994	94.1815	4901.6437
40	stage_2	1	29.55	50.209	50.209	70.292	50.487	30.292	70.0	0.994	95.9368	4997.5890
41	stage_2	1	30.12	50.209	50.209	70.292	50.487	30.292	70.0	0.994	94.0060	5091.6034
42	stage_2	1	29.5	50.209	50.209	70.292	50.487	30.292	70.0	0.994	94.8656	5186.4774
43	stage_2	1	29.45	50.209	50.209	70.292	50.487	30.292	70.0	0.994	95.3837	5281.8697
44	stage_2	1	29.97	50.209	50.209	70.292	50.487	30.292	70.0	0.994	94.6708	5376.5489
45	stage_2	1	29.38	50.209	50.209	70.292	50.487	30.292	70.0	0.994	96.0227	5472.5818
46	stage_2	1	30.55	50.209	50.209	70.292	50.487	30.292	70.0	0.994	95.3720	5567.9634
47	stage_2	1	29.88	50.209	50.209	70.292	50.487	30.292	70.0	0.994	96.3380	5664.3102
48	stage_2	1	29.35	50.209	50.209	70.292	50.487	30.292	70.0	0.994	96.0965	5760.4186
49	stage_2	1	29.42	50.209	50.209	70.292	50.487	30.292	70.0	0.994	96.8007	5857.2296
50	stage_2	1	29.65	50.209	50.209	70.292	50.487	30.292	70.0	0.994	94.4663	5951.7050
51	stage_2	1	29.67	50.209	50.209	70.292	50.487	30.292	70.0	0.994	94.2408	6045.9547
52	stage_2	1	30.52	50.209	50.209	70.292	50.487	30.292	70.0	0.994	95.0271	6140.9906
53	stage_2	1	29.79	50.209	50.209	70.292	50.487	30.292	70.0	0.994	94.4738	6235.4751
54	stage_2	1	30.48	50.209	50.209	70.292	50.487	30.292	70.0	0.994	94.8298	6330.3157
55	stage_2	1	30.31	50.209	50.209	70.292	50.487	30.292	70.0	0.994	95.3545	6425.6806
56	stage_2	1	31.12	50.209	50.209	70.292	50.487	30.292	70.0	0.994	95.1745	6520.8636
57	stage_2	1	30.66	50.209	50.209	70.292	50.487	30.292	70.0	0.994	112.0087	6632.8796
58	stage_3	2	30.74	50.657	50.657	60.788	50.985	40.788	60.0	0.994	86.1423	6719.0391
59	stage_3	2	30.01	50.657	50.657	60.788	50.985	40.788	60.0	0.994	85.3908	6804.4374
60	stage_3	2	29.66	50.657	50.657	60.788	50.985	40.788	60.0	0.994	88.5929	6893.0375
61	stage_3	2	29.74	50.657	50.657	60.788	50.985	40.788	60.0	0.994	85.3479	6978.3929
62	stage_3	2	30.4	50.657	50.657	60.788	50.985	40.788	60.0	0.994	87.1489	7065.5491
63	stage_3	2	30.77	50.657	50.657	60.788	50.985	40.788	60.0	0.994	87.0800	7152.6394
64	stage_3	2	30.51	50.657	50.657	60.788	50.985	40.788	60.0	0.994	87.2335	7239.8831
65	stage_3	2	30.62	50.657	50.657	60.788	50.985	40.788	60.0	0.994	85.9650	7325.8557
66	stage_3	2	30.02	50.657	50.657	60.788	50.985	40.788	60.0	0.994	84.7751	7410.6382
67	stage_3	2	30.5	50.657	50.657	60.788	50.985	40.788	60.0	0.994	85.5532	7496.2038
68	stage_3	2	29.78	50.657	50.657	60.788	50.985	40.788	60.0	0.994	87.0402	7583.2526
69	stage_3	2	30.26	50.657	50.657	60.788	50.985	40.788	60.0	0.994	87.0004	7670.2604
70	stage_3	2	30.64	50.657	50.657	60.788	50.985	40.788	60.0	0.994	85.7555	7756.0237
71	stage_3	2	29.95	50.657	50.657	60.788	50.985	40.788	60.0	0.994	86.5747	7842.6057
72	stage_3	2	30.95	50.657	50.657	60.788	50.985	40.788	60.0	0.994	85.2433	7927.8563
73	stage_3	2	30.28	50.657	50.657	60.788	50.985	40.788	60.0	0.994	86.7896	8014.6550
74	stage_3	2	30.52	50.657	50.657	60.788	50.985	40.788	60.0	0.994	88.2661	8102.9330
75	stage_3	2	30.19	50.657	50.657	60.788	50.985	40.788	60.0	0.994	85.7316	8188.6722
76	stage_3	2	29.78	50.657	50.657	60.788	50.985	40.788	60.0	0.994	101.8194	8290.4997
77	stage_4	3	29.87	50.64	50.64	50.64	50.64	50.64	50.0	0.995	76.3735	8366.8817
78	stage_4	3	30.17	50.64	50.64	50.64	50.64	50.64	50.0	0.995	76.6872	8443.5763
79	stage_4	3	30.25	50.64	50.64	50.64	50.64	50.64	50.0	0.995	79.1281	8522.7118
80	stage_4	3	30.3	50.64	50.64	50.64	50.64	50.64	50.0	0.995	77.0046	8599.7293
81	stage_4	3	30.21	50.64	50.64	50.64	50.64	50.64	50.0	0.995	80.1778	8679.9190
82	stage_4	3	30.43	50.64	50.64	50.64	50.64	50.64	50.0	0.995	79.1966	8759.1259
83	stage_4	3	30.3	50.64	50.64	50.64	50.64	50.64	50.0	0.995	80.1020	8839.2369
84	stage_4	3	29.73	50.64	50.64	50.64	50.64	50.64	50.0	0.995	79.5219	8918.7674
85	stage_4	3	30.22	50.64	50.64	50.64	50.64	50.64	50.0	0.995	77.9270	8996.7053
86	stage_4	3	30.07	50.64	50.64	50.64	50.64	50.64	50.0	0.995	78.4944	9075.2086
87	stage_4	3	29.93	50.64	50.64	50.64	50.64	50.64	50.0	0.995	78.1887	9153.4064
88	stage_4	3	30.61	50.64	50.64	50.64	50.64	50.64	50.0	0.995	79.2439	9232.6607
89	stage_4	3	30.49	50.64	50.64	50.64	50.64	50.64	50.0	0.995	78.5040	9311.1740
90	stage_4	3	30.64	50.64	50.64	50.64	50.64	50.64	50.0	0.995	79.5360	9390.7193
91	stage_4	3	30.48	50.64	50.64	50.64	50.64	50.64	50.0	0.995	80.4043	9471.1327
92	stage_4	3	29.55	50.64	50.64	50.64	50.64	50.64	50.0	0.995	81.1480	9552.2901
93	stage_4	3	30.08	50.64	50.64	50.64	50.64	50.64	50.0	0.995	78.4723	9630.7715
94	stage_4	3	29.74	50.64	50.64	50.64	50.64	50.64	50.0	0.995	79.6897	9710.4718
95	stage_4	3	30.33	50.64	50.64	50.64	50.64	50.64	50.0	0.995	78.0859	9788.5674
