epoch	phase	stage	acc	stage_pure	clean_precision	clean_recall	noisy_precision	noisy_recall	keep_ratio	avg_teacher_similarity	round_time_sec	total_time_sec
0	warmup	warmup	19.59	None	None	None	None	None	None	None	78.6506	78.6571
1	warmup	warmup	18.8	None	None	None	None	None	None	None	88.6012	167.2679
2	warmup	warmup	27.72	None	None	None	None	None	None	None	87.3506	254.6310
3	warmup	warmup	40.77	None	None	None	None	None	None	None	82.1095	336.7518
4	warmup	warmup	47.51	None	None	None	None	None	None	None	78.2819	415.0410
5	warmup	warmup	51.64	None	None	None	None	None	None	None	76.5856	491.6359
6	warmup	warmup	55.54	None	None	None	None	None	None	None	78.5677	570.2112
7	warmup	warmup	60.4	None	None	None	None	None	None	None	170.8510	741.0698
8	stage_1	0	48.52	79.515	79.515	68.14	44.246	59.021	59.994	0.975	60.4928	801.5725
9	stage_1	0	52.2	79.515	79.515	68.14	44.246	59.021	59.994	0.975	60.3793	861.9944
10	stage_1	0	52.48	79.515	79.515	68.14	44.246	59.021	59.994	0.975	61.1784	923.1802
11	stage_1	0	53.1	79.515	79.515	68.14	44.246	59.021	59.994	0.975	62.1838	985.3714
12	stage_1	0	55.38	79.515	79.515	68.14	44.246	59.021	59.994	0.975	60.2340	1045.6145
13	stage_1	0	55.73	79.515	79.515	68.14	44.246	59.021	59.994	0.975	60.0746	1105.6971
14	stage_1	0	56.22	79.515	79.515	68.14	44.246	59.021	59.994	0.975	63.3748	1169.0811
15	stage_1	0	57.64	79.515	79.515	68.14	44.246	59.021	59.994	0.975	60.1857	1229.2843
16	stage_1	0	57.94	79.515	79.515	68.14	44.246	59.021	59.994	0.975	60.0229	1289.3155
17	stage_1	0	57.79	79.515	79.515	68.14	44.246	59.021	59.994	0.975	60.0533	1349.3764
18	stage_1	0	60.26	79.515	79.515	68.14	44.246	59.021	59.994	0.975	60.2306	1409.6153
19	stage_1	0	59.57	79.515	79.515	68.14	44.246	59.021	59.994	0.975	60.4185	1470.0419
20	stage_1	0	58.74	79.515	79.515	68.14	44.246	59.021	59.994	0.975	61.3012	1531.3524
21	stage_1	0	60.27	79.515	79.515	68.14	44.246	59.021	59.994	0.975	61.2441	1592.6070
22	stage_1	0	61.65	79.515	79.515	68.14	44.246	59.021	59.994	0.975	60.6543	1653.2712
23	stage_1	0	60.81	79.515	79.515	68.14	44.246	59.021	59.994	0.975	59.8421	1713.1237
24	stage_1	0	60.81	79.515	79.515	68.14	44.246	59.021	59.994	0.975	61.6803	1774.8106
25	stage_1	0	61.36	79.515	79.515	68.14	44.246	59.021	59.994	0.975	62.8939	1837.7125
26	stage_1	0	61.03	79.515	79.515	68.14	44.246	59.021	59.994	0.975	60.5093	1898.2298
27	stage_1	0	61.09	79.515	79.515	68.14	44.246	59.021	59.994	0.975	60.7410	1958.9785
28	stage_1	0	62.27	79.515	79.515	68.14	44.246	59.021	59.994	0.975	60.6500	2019.6367
29	stage_1	0	61.91	79.515	79.515	68.14	44.246	59.021	59.994	0.975	128.7652	2148.4101
30	stage_2	1	58.41	86.057	86.057	73.746	54.055	72.107	59.994	0.977	59.6220	2208.0402
31	stage_2	1	60.44	86.057	86.057	73.746	54.055	72.107	59.994	0.977	60.9568	2269.0038
32	stage_2	1	60.0	86.057	86.057	73.746	54.055	72.107	59.994	0.977	61.7904	2330.8022
33	stage_2	1	60.04	86.057	86.057	73.746	54.055	72.107	59.994	0.977	60.7319	2391.5435
34	stage_2	1	61.31	86.057	86.057	73.746	54.055	72.107	59.994	0.977	60.7120	2452.2635
35	stage_2	1	61.09	86.057	86.057	73.746	54.055	72.107	59.994	0.977	59.4597	2511.7310
36	stage_2	1	61.71	86.057	86.057	73.746	54.055	72.107	59.994	0.977	59.5474	2571.2851
37	stage_2	1	61.85	86.057	86.057	73.746	54.055	72.107	59.994	0.977	61.1052	2632.3983
38	stage_2	1	61.51	86.057	86.057	73.746	54.055	72.107	59.994	0.977	61.6063	2694.0140
39	stage_2	1	62.41	86.057	86.057	73.746	54.055	72.107	59.994	0.977	60.6933	2754.7146
40	stage_2	1	62.12	86.057	86.057	73.746	54.055	72.107	59.994	0.977	60.6234	2815.3449
41	stage_2	1	62.52	86.057	86.057	73.746	54.055	72.107	59.994	0.977	60.6468	2875.9982
42	stage_2	1	62.43	86.057	86.057	73.746	54.055	72.107	59.994	0.977	61.0735	2937.0780
43	stage_2	1	62.47	86.057	86.057	73.746	54.055	72.107	59.994	0.977	61.5134	2998.5978
44	stage_2	1	62.09	86.057	86.057	73.746	54.055	72.107	59.994	0.977	61.4689	3060.0731
45	stage_2	1	63.05	86.057	86.057	73.746	54.055	72.107	59.994	0.977	61.9185	3121.9989
46	stage_2	1	63.91	86.057	86.057	73.746	54.055	72.107	59.994	0.977	59.1987	3181.2044
47	stage_2	1	63.3	86.057	86.057	73.746	54.055	72.107	59.994	0.977	60.9046	3242.1209
48	stage_2	1	62.75	86.057	86.057	73.746	54.055	72.107	59.994	0.977	61.3395	3303.4674
49	stage_2	1	62.54	86.057	86.057	73.746	54.055	72.107	59.994	0.977	60.3595	3363.8338
50	stage_2	1	63.62	86.057	86.057	73.746	54.055	72.107	59.994	0.977	59.9300	3423.7719
51	stage_2	1	63.69	86.057	86.057	73.746	54.055	72.107	59.994	0.977	110.9079	3534.6867
52	stage_3	2	67.57	85.056	85.056	72.888	52.554	70.105	59.994	0.978	59.7685	3594.4620
53	stage_3	2	67.91	85.056	85.056	72.888	52.554	70.105	59.994	0.978	65.6417	3660.1107
54	stage_3	2	68.53	85.056	85.056	72.888	52.554	70.105	59.994	0.978	66.1147	3726.2338
55	stage_3	2	67.63	85.056	85.056	72.888	52.554	70.105	59.994	0.978	61.3868	3787.6292
56	stage_3	2	68.16	85.056	85.056	72.888	52.554	70.105	59.994	0.978	60.4162	3848.0648
57	stage_3	2	68.41	85.056	85.056	72.888	52.554	70.105	59.994	0.978	60.3247	3908.4003
58	stage_3	2	68.1	85.056	85.056	72.888	52.554	70.105	59.994	0.978	59.6149	3968.0256
59	stage_3	2	67.06	85.056	85.056	72.888	52.554	70.105	59.994	0.978	60.7794	4028.8118
60	stage_3	2	67.46	85.056	85.056	72.888	52.554	70.105	59.994	0.978	60.0671	4088.8876
61	stage_3	2	66.38	85.056	85.056	72.888	52.554	70.105	59.994	0.978	60.0950	4148.9921
62	stage_3	2	67.11	85.056	85.056	72.888	52.554	70.105	59.994	0.978	60.0372	4209.0477
63	stage_3	2	66.71	85.056	85.056	72.888	52.554	70.105	59.994	0.978	60.4147	4269.4708
64	stage_3	2	66.2	85.056	85.056	72.888	52.554	70.105	59.994	0.978	59.9908	4329.4685
65	stage_3	2	67.38	85.056	85.056	72.888	52.554	70.105	59.994	0.978	64.0217	4393.4971
66	stage_3	2	67.62	85.056	85.056	72.888	52.554	70.105	59.994	0.978	63.4302	4456.9361
67	stage_3	2	66.59	85.056	85.056	72.888	52.554	70.105	59.994	0.978	60.5803	4517.5253
68	stage_3	2	65.89	85.056	85.056	72.888	52.554	70.105	59.994	0.978	58.8565	4576.3904
69	stage_3	2	67.03	85.056	85.056	72.888	52.554	70.105	59.994	0.978	62.9843	4639.3819
70	stage_3	2	66.84	85.056	85.056	72.888	52.554	70.105	59.994	0.978	65.3525	4704.7431
71	stage_3	2	66.78	85.056	85.056	72.888	52.554	70.105	59.994	0.978	62.8523	4767.6038
72	stage_3	2	66.68	85.056	85.056	72.888	52.554	70.105	59.994	0.978	61.8735	4829.4857
73	stage_3	2	65.8	85.056	85.056	72.888	52.554	70.105	59.994	0.978	92.4821	4921.9785
74	stage_4	3	63.7	81.841	81.841	70.132	47.732	63.673	59.994	0.978	58.9760	4980.9643
75	stage_4	3	62.15	81.841	81.841	70.132	47.732	63.673	59.994	0.978	60.9190	5041.8930
76	stage_4	3	62.75	81.841	81.841	70.132	47.732	63.673	59.994	0.978	60.0729	5101.9743
77	stage_4	3	62.99	81.841	81.841	70.132	47.732	63.673	59.994	0.978	59.3863	5161.3691
78	stage_4	3	61.65	81.841	81.841	70.132	47.732	63.673	59.994	0.978	59.9901	5221.3668
79	stage_4	3	61.32	81.841	81.841	70.132	47.732	63.673	59.994	0.978	60.1129	5281.4883
80	stage_4	3	62.06	81.841	81.841	70.132	47.732	63.673	59.994	0.978	59.6430	5341.1440
81	stage_4	3	61.63	81.841	81.841	70.132	47.732	63.673	59.994	0.978	59.7593	5400.9203
82	stage_4	3	61.49	81.841	81.841	70.132	47.732	63.673	59.994	0.978	59.8107	5460.7457
83	stage_4	3	61.96	81.841	81.841	70.132	47.732	63.673	59.994	0.978	60.3392	5521.0961
84	stage_4	3	61.91	81.841	81.841	70.132	47.732	63.673	59.994	0.978	60.3822	5581.4939
85	stage_4	3	59.71	81.841	81.841	70.132	47.732	63.673	59.994	0.978	61.6708	5643.1744
86	stage_4	3	60.18	81.841	81.841	70.132	47.732	63.673	59.994	0.978	62.7957	5705.9783
87	stage_4	3	60.32	81.841	81.841	70.132	47.732	63.673	59.994	0.978	62.2768	5768.2667
88	stage_4	3	59.71	81.841	81.841	70.132	47.732	63.673	59.994	0.978	58.8073	5827.0840
89	stage_4	3	59.09	81.841	81.841	70.132	47.732	63.673	59.994	0.978	47.4931	5874.5839
90	stage_4	3	59.08	81.841	81.841	70.132	47.732	63.673	59.994	0.978	39.7802	5914.3722
91	stage_4	3	59.57	81.841	81.841	70.132	47.732	63.673	59.994	0.978	31.4482	5945.8281
92	stage_4	3	58.42	81.841	81.841	70.132	47.732	63.673	59.994	0.978	32.2369	5978.0737
93	stage_4	3	57.68	81.841	81.841	70.132	47.732	63.673	59.994	0.978	33.7720	6011.8532
94	stage_4	3	57.17	81.841	81.841	70.132	47.732	63.673	59.994	0.978	33.4103	6045.2721
95	stage_4	3	57.42	81.841	81.841	70.132	47.732	63.673	59.994	0.978	32.3284	6077.6073
