epoch	phase	stage	acc	stage_pure	clean_precision	clean_recall	noisy_precision	noisy_recall	keep_ratio	avg_teacher_similarity	round_time_sec	total_time_sec
0	warmup	warmup	11.35	None	None	None	None	None	None	None	61.9709	62.0055
1	warmup	warmup	59.53	None	None	None	None	None	None	None	72.5920	134.6204
2	warmup	warmup	92.95	None	None	None	None	None	None	None	74.3000	208.9568
3	warmup	warmup	96.81	None	None	None	None	None	None	None	73.7339	282.7076
4	warmup	warmup	97.22	None	None	None	None	None	None	None	71.7767	354.4953
5	warmup	warmup	97.87	None	None	None	None	None	None	None	72.1692	426.6825
6	warmup	warmup	98.31	None	None	None	None	None	None	None	74.5179	501.2192
7	warmup	warmup	98.44	None	None	None	None	None	None	None	168.0352	669.2990
8	stage_1	0	97.16	99.492	99.492	85.279	74.237	98.983	60.0	0.984	56.8542	726.1745
9	stage_1	0	98.26	99.492	99.492	85.279	74.237	98.983	60.0	0.984	50.3930	776.6067
10	stage_1	0	98.48	99.492	99.492	85.279	74.237	98.983	60.0	0.984	44.3721	820.9888
11	stage_1	0	98.47	99.492	99.492	85.279	74.237	98.983	60.0	0.984	43.7682	864.7674
12	stage_1	0	98.6	99.492	99.492	85.279	74.237	98.983	60.0	0.984	43.6302	908.4056
13	stage_1	0	98.63	99.492	99.492	85.279	74.237	98.983	60.0	0.984	42.3354	950.7569
14	stage_1	0	98.56	99.492	99.492	85.279	74.237	98.983	60.0	0.984	43.1859	993.9609
15	stage_1	0	98.63	99.492	99.492	85.279	74.237	98.983	60.0	0.984	43.8172	1037.8117
16	stage_1	0	98.76	99.492	99.492	85.279	74.237	98.983	60.0	0.984	52.4087	1090.2451
17	stage_1	0	98.74	99.492	99.492	85.279	74.237	98.983	60.0	0.984	53.1253	1143.4131
18	stage_1	0	98.74	99.492	99.492	85.279	74.237	98.983	60.0	0.984	52.4978	1195.9363
19	stage_1	0	98.77	99.492	99.492	85.279	74.237	98.983	60.0	0.984	53.2544	1249.2083
20	stage_1	0	98.75	99.492	99.492	85.279	74.237	98.983	60.0	0.984	52.1979	1301.4267
21	stage_1	0	98.75	99.492	99.492	85.279	74.237	98.983	60.0	0.984	51.5706	1353.0224
22	stage_1	0	98.76	99.492	99.492	85.279	74.237	98.983	60.0	0.984	52.0578	1405.0939
23	stage_1	0	98.78	99.492	99.492	85.279	74.237	98.983	60.0	0.984	51.7203	1456.8405
24	stage_1	0	98.81	99.492	99.492	85.279	74.237	98.983	60.0	0.984	53.4865	1510.3485
25	stage_1	0	98.9	99.492	99.492	85.279	74.237	98.983	60.0	0.984	51.3246	1561.7124
26	stage_1	0	98.76	99.492	99.492	85.279	74.237	98.983	60.0	0.984	52.7494	1614.5018
27	stage_1	0	98.82	99.492	99.492	85.279	74.237	98.983	60.0	0.984	46.3357	1660.8604
28	stage_1	0	98.84	99.492	99.492	85.279	74.237	98.983	60.0	0.984	42.8751	1703.8000
29	stage_1	0	98.83	99.492	99.492	85.279	74.237	98.983	60.0	0.984	97.9001	1801.7208
30	stage_2	1	98.89	99.983	99.983	85.7	74.975	99.967	60.0	0.988	44.5598	1846.3017
31	stage_2	1	98.96	99.983	99.983	85.7	74.975	99.967	60.0	0.988	44.0267	1890.3433
32	stage_2	1	98.92	99.983	99.983	85.7	74.975	99.967	60.0	0.988	43.1166	1933.4890
33	stage_2	1	98.94	99.983	99.983	85.7	74.975	99.967	60.0	0.988	43.2234	1976.7336
34	stage_2	1	98.93	99.983	99.983	85.7	74.975	99.967	60.0	0.988	44.4674	2021.2284
35	stage_2	1	98.91	99.983	99.983	85.7	74.975	99.967	60.0	0.988	43.2723	2064.5243
36	stage_2	1	98.91	99.983	99.983	85.7	74.975	99.967	60.0	0.988	43.0872	2107.6249
37	stage_2	1	98.9	99.983	99.983	85.7	74.975	99.967	60.0	0.988	43.3591	2150.9994
38	stage_2	1	98.9	99.983	99.983	85.7	74.975	99.967	60.0	0.988	44.5904	2195.6332
39	stage_2	1	98.94	99.983	99.983	85.7	74.975	99.967	60.0	0.988	42.6693	2238.3426
40	stage_2	1	98.92	99.983	99.983	85.7	74.975	99.967	60.0	0.988	43.4786	2281.8664
41	stage_2	1	98.91	99.983	99.983	85.7	74.975	99.967	60.0	0.988	43.1782	2325.0518
42	stage_2	1	98.93	99.983	99.983	85.7	74.975	99.967	60.0	0.988	43.7886	2368.8569
43	stage_2	1	98.97	99.983	99.983	85.7	74.975	99.967	60.0	0.988	42.6944	2411.5824
44	stage_2	1	98.9	99.983	99.983	85.7	74.975	99.967	60.0	0.988	43.8703	2455.4590
45	stage_2	1	98.94	99.983	99.983	85.7	74.975	99.967	60.0	0.988	43.8258	2499.3075
46	stage_2	1	98.99	99.983	99.983	85.7	74.975	99.967	60.0	0.988	42.3069	2541.6597
47	stage_2	1	98.94	99.983	99.983	85.7	74.975	99.967	60.0	0.988	42.5211	2584.1993
48	stage_2	1	98.95	99.983	99.983	85.7	74.975	99.967	60.0	0.988	44.4062	2628.6394
49	stage_2	1	98.97	99.983	99.983	85.7	74.975	99.967	60.0	0.988	43.8796	2672.5495
50	stage_2	1	99.01	99.983	99.983	85.7	74.975	99.967	60.0	0.988	42.4873	2715.0633
51	stage_2	1	99.01	99.983	99.983	85.7	74.975	99.967	60.0	0.988	92.0173	2807.0948
52	stage_3	2	99.01	99.994	99.994	85.71	74.992	99.989	60.0	0.993	52.4833	2859.5988
53	stage_3	2	98.99	99.994	99.994	85.71	74.992	99.989	60.0	0.993	51.5524	2911.1778
54	stage_3	2	98.98	99.994	99.994	85.71	74.992	99.989	60.0	0.993	51.7327	2962.9449
55	stage_3	2	99.0	99.994	99.994	85.71	74.992	99.989	60.0	0.993	53.3294	3016.2931
56	stage_3	2	98.98	99.994	99.994	85.71	74.992	99.989	60.0	0.993	51.9483	3068.2634
57	stage_3	2	99.0	99.994	99.994	85.71	74.992	99.989	60.0	0.993	51.4998	3119.7720
58	stage_3	2	98.97	99.994	99.994	85.71	74.992	99.989	60.0	0.993	50.2049	3169.9972
59	stage_3	2	98.96	99.994	99.994	85.71	74.992	99.989	60.0	0.993	52.9654	3222.9818
60	stage_3	2	98.97	99.994	99.994	85.71	74.992	99.989	60.0	0.993	51.7077	3274.7185
61	stage_3	2	99.03	99.994	99.994	85.71	74.992	99.989	60.0	0.993	51.3776	3326.1514
62	stage_3	2	98.97	99.994	99.994	85.71	74.992	99.989	60.0	0.993	52.6705	3378.8345
63	stage_3	2	99.01	99.994	99.994	85.71	74.992	99.989	60.0	0.993	52.4540	3431.3043
64	stage_3	2	99.02	99.994	99.994	85.71	74.992	99.989	60.0	0.993	51.6180	3482.9495
65	stage_3	2	99.0	99.994	99.994	85.71	74.992	99.989	60.0	0.993	43.3109	3526.2782
66	stage_3	2	98.99	99.994	99.994	85.71	74.992	99.989	60.0	0.993	45.3854	3571.7004
67	stage_3	2	98.98	99.994	99.994	85.71	74.992	99.989	60.0	0.993	44.8366	3616.5606
68	stage_3	2	98.95	99.994	99.994	85.71	74.992	99.989	60.0	0.993	43.6613	3660.2291
69	stage_3	2	98.96	99.994	99.994	85.71	74.992	99.989	60.0	0.993	46.4713	3706.7116
70	stage_3	2	98.96	99.994	99.994	85.71	74.992	99.989	60.0	0.993	52.9606	3759.6996
71	stage_3	2	98.95	99.994	99.994	85.71	74.992	99.989	60.0	0.993	50.7182	3810.4750
72	stage_3	2	99.0	99.994	99.994	85.71	74.992	99.989	60.0	0.993	51.6101	3862.1135
73	stage_3	2	98.97	99.994	99.994	85.71	74.992	99.989	60.0	0.993	84.2445	3946.3983
74	stage_4	3	98.9	99.994	99.994	85.71	74.992	99.989	60.0	0.994	51.8238	3998.2889
75	stage_4	3	98.88	99.994	99.994	85.71	74.992	99.989	60.0	0.994	51.9221	4050.2525
76	stage_4	3	98.93	99.994	99.994	85.71	74.992	99.989	60.0	0.994	51.3706	4101.6380
77	stage_4	3	98.89	99.994	99.994	85.71	74.992	99.989	60.0	0.994	48.2574	4149.9079
78	stage_4	3	98.91	99.994	99.994	85.71	74.992	99.989	60.0	0.994	43.1054	4193.0302
79	stage_4	3	98.94	99.994	99.994	85.71	74.992	99.989	60.0	0.994	42.9168	4235.9755
80	stage_4	3	98.94	99.994	99.994	85.71	74.992	99.989	60.0	0.994	48.3398	4284.3714
81	stage_4	3	98.96	99.994	99.994	85.71	74.992	99.989	60.0	0.994	52.0943	4336.4756
82	stage_4	3	98.96	99.994	99.994	85.71	74.992	99.989	60.0	0.994	51.9883	4388.4740
83	stage_4	3	98.88	99.994	99.994	85.71	74.992	99.989	60.0	0.994	51.2259	4439.7266
84	stage_4	3	98.91	99.994	99.994	85.71	74.992	99.989	60.0	0.994	44.0650	4483.8418
85	stage_4	3	98.95	99.994	99.994	85.71	74.992	99.989	60.0	0.994	43.2802	4527.1909
86	stage_4	3	99.01	99.994	99.994	85.71	74.992	99.989	60.0	0.994	42.7989	4570.0158
87	stage_4	3	98.98	99.994	99.994	85.71	74.992	99.989	60.0	0.994	46.6674	4616.6950
88	stage_4	3	98.98	99.994	99.994	85.71	74.992	99.989	60.0	0.994	52.7972	4669.5180
89	stage_4	3	99.0	99.994	99.994	85.71	74.992	99.989	60.0	0.994	52.1316	4721.6636
90	stage_4	3	98.96	99.994	99.994	85.71	74.992	99.989	60.0	0.994	51.5500	4773.2514
91	stage_4	3	98.92	99.994	99.994	85.71	74.992	99.989	60.0	0.994	52.7468	4826.0160
92	stage_4	3	98.97	99.994	99.994	85.71	74.992	99.989	60.0	0.994	52.0383	4878.0654
93	stage_4	3	98.98	99.994	99.994	85.71	74.992	99.989	60.0	0.994	51.3475	4929.4294
94	stage_4	3	98.97	99.994	99.994	85.71	74.992	99.989	60.0	0.994	48.7265	4978.2030
95	stage_4	3	98.94	99.994	99.994	85.71	74.992	99.989	60.0	0.994	41.3343	5019.5444
