epoch	phase	stage	acc	stage_pure	clean_precision	clean_recall	noisy_precision	noisy_recall	keep_ratio	avg_teacher_similarity	round_time_sec	total_time_sec
0	warmup	warmup	10.0	None	None	None	None	None	None	None	125.8362	125.8430
1	warmup	warmup	14.12	None	None	None	None	None	None	None	126.8305	252.6818
2	warmup	warmup	22.14	None	None	None	None	None	None	None	125.0571	377.7457
3	warmup	warmup	29.67	None	None	None	None	None	None	None	128.2993	506.0518
4	warmup	warmup	29.42	None	None	None	None	None	None	None	125.0920	631.1509
5	warmup	warmup	38.16	None	None	None	None	None	None	None	127.4336	758.6018
6	warmup	warmup	37.87	None	None	None	None	None	None	None	127.3992	886.0079
7	warmup	warmup	35.08	None	None	None	None	None	None	None	125.7559	1011.7709
8	warmup	warmup	38.7	None	None	None	None	None	None	None	125.2907	1137.0684
9	warmup	warmup	36.67	None	None	None	None	None	None	None	125.8877	1262.9632
10	warmup	warmup	38.96	None	None	None	None	None	None	None	126.1307	1389.1012
11	warmup	warmup	38.32	None	None	None	None	None	None	None	125.9878	1515.0971
12	warmup	warmup	37.4	None	None	None	None	None	None	None	124.9434	1640.0474
13	warmup	warmup	40.34	None	None	None	None	None	None	None	125.0917	1765.1460
14	warmup	warmup	44.07	None	None	None	None	None	None	None	126.1694	1891.3222
15	warmup	warmup	45.71	None	None	None	None	None	None	None	125.5983	2016.9289
16	warmup	warmup	44.21	None	None	None	None	None	None	None	125.6328	2142.5701
17	warmup	warmup	46.72	None	None	None	None	None	None	None	127.3275	2269.9060
18	warmup	warmup	45.48	None	None	None	None	None	None	None	125.7469	2395.6655
19	warmup	warmup	43.34	None	None	None	None	None	None	None	155.9350	2551.6087
20	stage_1	0	41.53	48.284	48.284	36.696	48.948	60.696	38.0	0.972	70.4827	2622.1007
21	stage_1	0	45.95	48.284	48.284	36.696	48.948	60.696	38.0	0.972	68.8547	2690.9648
22	stage_1	0	46.86	48.284	48.284	36.696	48.948	60.696	38.0	0.972	69.1012	2760.0750
23	stage_1	0	44.96	48.284	48.284	36.696	48.948	60.696	38.0	0.972	68.6384	2828.7222
24	stage_1	0	45.12	48.284	48.284	36.696	48.948	60.696	38.0	0.972	69.0233	2897.7544
25	stage_1	0	45.97	48.284	48.284	36.696	48.948	60.696	38.0	0.972	68.2464	2966.0092
26	stage_1	0	42.56	48.284	48.284	36.696	48.948	60.696	38.0	0.972	69.7426	3035.7607
27	stage_1	0	40.82	48.284	48.284	36.696	48.948	60.696	38.0	0.972	67.5857	3103.3550
28	stage_1	0	42.1	48.284	48.284	36.696	48.948	60.696	38.0	0.972	67.6679	3171.0318
29	stage_1	0	44.3	48.284	48.284	36.696	48.948	60.696	38.0	0.972	67.9742	3239.0148
30	stage_1	0	43.85	48.284	48.284	36.696	48.948	60.696	38.0	0.972	67.6680	3306.6915
31	stage_1	0	41.33	48.284	48.284	36.696	48.948	60.696	38.0	0.972	67.2598	3373.9600
32	stage_1	0	40.37	48.284	48.284	36.696	48.948	60.696	38.0	0.972	67.1506	3441.1190
33	stage_1	0	43.26	48.284	48.284	36.696	48.948	60.696	38.0	0.972	67.9452	3509.0727
34	stage_1	0	42.2	48.284	48.284	36.696	48.948	60.696	38.0	0.972	68.0780	3577.1593
35	stage_1	0	40.56	48.284	48.284	36.696	48.948	60.696	38.0	0.972	66.7020	3643.8702
36	stage_1	0	41.55	48.284	48.284	36.696	48.948	60.696	38.0	0.972	67.9057	3711.7873
37	stage_1	0	40.9	48.284	48.284	36.696	48.948	60.696	38.0	0.972	67.2157	3779.0132
38	stage_1	0	39.6	48.284	48.284	36.696	48.948	60.696	38.0	0.972	89.8263	3868.8480
39	stage_2	1	41.26	50.016	50.016	38.012	50.01	62.012	38.0	0.974	69.1332	3937.9950
40	stage_2	1	41.22	50.016	50.016	38.012	50.01	62.012	38.0	0.974	68.0013	4006.0048
41	stage_2	1	38.97	50.016	50.016	38.012	50.01	62.012	38.0	0.974	68.8051	4074.8186
42	stage_2	1	40.06	50.016	50.016	38.012	50.01	62.012	38.0	0.974	68.6251	4143.4524
43	stage_2	1	39.52	50.016	50.016	38.012	50.01	62.012	38.0	0.974	68.2381	4211.6994
44	stage_2	1	39.24	50.016	50.016	38.012	50.01	62.012	38.0	0.974	68.9611	4280.6689
45	stage_2	1	39.07	50.016	50.016	38.012	50.01	62.012	38.0	0.974	67.1610	4347.8383
46	stage_2	1	38.78	50.016	50.016	38.012	50.01	62.012	38.0	0.974	68.3280	4416.1749
47	stage_2	1	40.5	50.016	50.016	38.012	50.01	62.012	38.0	0.974	67.3443	4483.5277
48	stage_2	1	39.77	50.016	50.016	38.012	50.01	62.012	38.0	0.974	69.0625	4552.6043
49	stage_2	1	38.77	50.016	50.016	38.012	50.01	62.012	38.0	0.974	67.9269	4620.5401
50	stage_2	1	39.07	50.016	50.016	38.012	50.01	62.012	38.0	0.974	68.0682	4688.6173
51	stage_2	1	38.69	50.016	50.016	38.012	50.01	62.012	38.0	0.974	68.3746	4757.0007
52	stage_2	1	38.77	50.016	50.016	38.012	50.01	62.012	38.0	0.974	66.9673	4823.9770
53	stage_2	1	39.35	50.016	50.016	38.012	50.01	62.012	38.0	0.974	67.3471	4891.3330
54	stage_2	1	39.77	50.016	50.016	38.012	50.01	62.012	38.0	0.974	68.8613	4960.2029
55	stage_2	1	38.59	50.016	50.016	38.012	50.01	62.012	38.0	0.974	67.9738	5028.1857
56	stage_2	1	39.16	50.016	50.016	38.012	50.01	62.012	38.0	0.974	70.0987	5098.2934
57	stage_2	1	39.77	50.016	50.016	38.012	50.01	62.012	38.0	0.974	84.3338	5182.6377
58	stage_3	2	40.09	51.968	51.968	39.496	51.206	63.496	38.0	0.979	67.5588	5250.2054
59	stage_3	2	40.25	51.968	51.968	39.496	51.206	63.496	38.0	0.979	66.8514	5317.0657
60	stage_3	2	39.45	51.968	51.968	39.496	51.206	63.496	38.0	0.979	66.8788	5383.9534
61	stage_3	2	39.99	51.968	51.968	39.496	51.206	63.496	38.0	0.979	67.9668	5451.9295
62	stage_3	2	39.17	51.968	51.968	39.496	51.206	63.496	38.0	0.979	70.2153	5522.1536
63	stage_3	2	38.59	51.968	51.968	39.496	51.206	63.496	38.0	0.979	68.6524	5590.8147
64	stage_3	2	38.59	51.968	51.968	39.496	51.206	63.496	38.0	0.979	68.8346	5659.6583
65	stage_3	2	39.11	51.968	51.968	39.496	51.206	63.496	38.0	0.979	68.7367	5728.4039
66	stage_3	2	39.65	51.968	51.968	39.496	51.206	63.496	38.0	0.979	67.4001	5795.8133
67	stage_3	2	39.21	51.968	51.968	39.496	51.206	63.496	38.0	0.979	67.8731	5863.6950
68	stage_3	2	39.33	51.968	51.968	39.496	51.206	63.496	38.0	0.979	67.5596	5931.2638
69	stage_3	2	38.66	51.968	51.968	39.496	51.206	63.496	38.0	0.979	69.5740	6000.8465
70	stage_3	2	38.72	51.968	51.968	39.496	51.206	63.496	38.0	0.979	69.3697	6070.2250
71	stage_3	2	38.62	51.968	51.968	39.496	51.206	63.496	38.0	0.979	67.3261	6137.5599
72	stage_3	2	39.49	51.968	51.968	39.496	51.206	63.496	38.0	0.979	68.7310	6206.3000
73	stage_3	2	38.91	51.968	51.968	39.496	51.206	63.496	38.0	0.979	70.2628	6276.5717
74	stage_3	2	38.87	51.968	51.968	39.496	51.206	63.496	38.0	0.979	68.5458	6345.1266
75	stage_3	2	38.86	51.968	51.968	39.496	51.206	63.496	38.0	0.979	68.4987	6413.6344
76	stage_3	2	39.51	51.968	51.968	39.496	51.206	63.496	38.0	0.979	82.5251	6496.1685
77	stage_4	3	38.9	47.974	47.974	36.46	48.758	60.46	38.0	0.97	67.6361	6563.8134
78	stage_4	3	38.31	47.974	47.974	36.46	48.758	60.46	38.0	0.97	68.8146	6632.6377
79	stage_4	3	38.91	47.974	47.974	36.46	48.758	60.46	38.0	0.97	68.6544	6701.3010
80	stage_4	3	38.48	47.974	47.974	36.46	48.758	60.46	38.0	0.97	69.2779	6770.5878
81	stage_4	3	39.12	47.974	47.974	36.46	48.758	60.46	38.0	0.97	68.1401	6838.7371
82	stage_4	3	39.63	47.974	47.974	36.46	48.758	60.46	38.0	0.97	69.5501	6908.2964
83	stage_4	3	39.6	47.974	47.974	36.46	48.758	60.46	38.0	0.97	67.4031	6975.7084
84	stage_4	3	39.03	47.974	47.974	36.46	48.758	60.46	38.0	0.97	69.4538	7045.1712
85	stage_4	3	39.09	47.974	47.974	36.46	48.758	60.46	38.0	0.97	69.2099	7114.3901
86	stage_4	3	38.9	47.974	47.974	36.46	48.758	60.46	38.0	0.97	68.9720	7183.3709
87	stage_4	3	38.78	47.974	47.974	36.46	48.758	60.46	38.0	0.97	68.1878	7251.5676
88	stage_4	3	38.23	47.974	47.974	36.46	48.758	60.46	38.0	0.97	68.5603	7320.1371
89	stage_4	3	39.11	47.974	47.974	36.46	48.758	60.46	38.0	0.97	69.5147	7389.6605
90	stage_4	3	39.7	47.974	47.974	36.46	48.758	60.46	38.0	0.97	67.2355	7456.9076
91	stage_4	3	39.71	47.974	47.974	36.46	48.758	60.46	38.0	0.97	67.8876	7524.8071
92	stage_4	3	39.46	47.974	47.974	36.46	48.758	60.46	38.0	0.97	68.5318	7593.3506
93	stage_4	3	38.76	47.974	47.974	36.46	48.758	60.46	38.0	0.97	69.4956	7662.8555
94	stage_4	3	38.63	47.974	47.974	36.46	48.758	60.46	38.0	0.97	70.4991	7733.3665
95	stage_4	3	38.83	47.974	47.974	36.46	48.758	60.46	38.0	0.97	69.3343	7802.7096
