epoch	phase	stage	acc	stage_pure	clean_precision	clean_recall	noisy_precision	noisy_recall	keep_ratio	avg_teacher_similarity	round_time_sec	total_time_sec
0	warmup	warmup	19.59	None	None	None	None	None	None	None	64.7229	64.7291
1	warmup	warmup	46.58	None	None	None	None	None	None	None	63.9946	128.7328
2	warmup	warmup	70.55	None	None	None	None	None	None	None	66.0771	194.8175
3	warmup	warmup	76.46	None	None	None	None	None	None	None	63.6193	258.4445
4	warmup	warmup	80.35	None	None	None	None	None	None	None	63.8150	322.2674
5	warmup	warmup	82.09	None	None	None	None	None	None	None	64.1609	386.4358
6	warmup	warmup	83.77	None	None	None	None	None	None	None	63.4599	449.9034
7	warmup	warmup	84.8	None	None	None	None	None	None	None	209.0093	658.9212
8	stage_1	0	67.64	96.162	96.162	82.405	69.209	92.321	59.994	0.988	54.8230	713.7515
9	stage_1	0	77.43	96.162	96.162	82.405	69.209	92.321	59.994	0.988	51.1115	764.8711
10	stage_1	0	79.59	96.162	96.162	82.405	69.209	92.321	59.994	0.988	50.9771	815.8569
11	stage_1	0	80.45	96.162	96.162	82.405	69.209	92.321	59.994	0.988	57.2783	873.1432
12	stage_1	0	81.6	96.162	96.162	82.405	69.209	92.321	59.994	0.988	53.6274	926.7782
13	stage_1	0	81.48	96.162	96.162	82.405	69.209	92.321	59.994	0.988	49.3234	976.1082
14	stage_1	0	82.63	96.162	96.162	82.405	69.209	92.321	59.994	0.988	45.9449	1022.0685
15	stage_1	0	82.28	96.162	96.162	82.405	69.209	92.321	59.994	0.988	49.8297	1071.9157
16	stage_1	0	83.0	96.162	96.162	82.405	69.209	92.321	59.994	0.988	52.8618	1124.7858
17	stage_1	0	83.44	96.162	96.162	82.405	69.209	92.321	59.994	0.988	50.2686	1175.0656
18	stage_1	0	83.37	96.162	96.162	82.405	69.209	92.321	59.994	0.988	51.8312	1226.9033
19	stage_1	0	83.77	96.162	96.162	82.405	69.209	92.321	59.994	0.988	51.8708	1278.7830
20	stage_1	0	83.97	96.162	96.162	82.405	69.209	92.321	59.994	0.988	50.9503	1329.7401
21	stage_1	0	83.89	96.162	96.162	82.405	69.209	92.321	59.994	0.988	50.0742	1379.8221
22	stage_1	0	84.0	96.162	96.162	82.405	69.209	92.321	59.994	0.988	50.8668	1430.6963
23	stage_1	0	84.27	96.162	96.162	82.405	69.209	92.321	59.994	0.988	49.4531	1480.1573
24	stage_1	0	84.63	96.162	96.162	82.405	69.209	92.321	59.994	0.988	49.4282	1529.5925
25	stage_1	0	84.34	96.162	96.162	82.405	69.209	92.321	59.994	0.988	51.1321	1580.7327
26	stage_1	0	84.65	96.162	96.162	82.405	69.209	92.321	59.994	0.988	50.5369	1631.2763
27	stage_1	0	84.75	96.162	96.162	82.405	69.209	92.321	59.994	0.988	50.1133	1681.3976
28	stage_1	0	85.16	96.162	96.162	82.405	69.209	92.321	59.994	0.988	49.4755	1730.8811
29	stage_1	0	85.18	96.162	96.162	82.405	69.209	92.321	59.994	0.988	196.5129	1927.4024
30	stage_2	1	85.91	97.625	97.625	83.659	71.403	95.248	59.994	0.982	50.6895	1978.0985
31	stage_2	1	86.92	97.625	97.625	83.659	71.403	95.248	59.994	0.982	49.9550	2028.0617
32	stage_2	1	87.5	97.625	97.625	83.659	71.403	95.248	59.994	0.982	48.9995	2077.0676
33	stage_2	1	87.52	97.625	97.625	83.659	71.403	95.248	59.994	0.982	51.3232	2128.3971
34	stage_2	1	87.81	97.625	97.625	83.659	71.403	95.248	59.994	0.982	51.0902	2179.4962
35	stage_2	1	88.07	97.625	97.625	83.659	71.403	95.248	59.994	0.982	49.6738	2229.1766
36	stage_2	1	88.13	97.625	97.625	83.659	71.403	95.248	59.994	0.982	49.9454	2279.1338
37	stage_2	1	88.39	97.625	97.625	83.659	71.403	95.248	59.994	0.982	50.6849	2329.8265
38	stage_2	1	88.22	97.625	97.625	83.659	71.403	95.248	59.994	0.982	49.2070	2379.0421
39	stage_2	1	88.54	97.625	97.625	83.659	71.403	95.248	59.994	0.982	48.8858	2427.9388
40	stage_2	1	88.32	97.625	97.625	83.659	71.403	95.248	59.994	0.982	50.4152	2478.3661
41	stage_2	1	88.88	97.625	97.625	83.659	71.403	95.248	59.994	0.982	51.6531	2530.0264
42	stage_2	1	88.86	97.625	97.625	83.659	71.403	95.248	59.994	0.982	49.7910	2579.8257
43	stage_2	1	88.63	97.625	97.625	83.659	71.403	95.248	59.994	0.982	50.8743	2630.7081
44	stage_2	1	88.47	97.625	97.625	83.659	71.403	95.248	59.994	0.982	50.9136	2681.6284
45	stage_2	1	88.58	97.625	97.625	83.659	71.403	95.248	59.994	0.982	49.2681	2730.9033
46	stage_2	1	89.15	97.625	97.625	83.659	71.403	95.248	59.994	0.982	48.7128	2779.6258
47	stage_2	1	88.99	97.625	97.625	83.659	71.403	95.248	59.994	0.982	49.7353	2829.4323
48	stage_2	1	88.86	97.625	97.625	83.659	71.403	95.248	59.994	0.982	53.2302	2882.6711
49	stage_2	1	88.96	97.625	97.625	83.659	71.403	95.248	59.994	0.982	49.9864	2932.6650
50	stage_2	1	89.43	97.625	97.625	83.659	71.403	95.248	59.994	0.982	50.8887	2983.5621
51	stage_2	1	89.24	97.625	97.625	83.659	71.403	95.248	59.994	0.982	198.2537	3181.8241
52	stage_3	2	89.43	98.171	98.171	84.127	72.222	96.34	59.994	0.987	50.3481	3232.1806
53	stage_3	2	89.57	98.171	98.171	84.127	72.222	96.34	59.994	0.987	49.3971	3281.5878
54	stage_3	2	89.45	98.171	98.171	84.127	72.222	96.34	59.994	0.987	49.8166	3331.4125
55	stage_3	2	89.47	98.171	98.171	84.127	72.222	96.34	59.994	0.987	48.4003	3379.8213
56	stage_3	2	89.59	98.171	98.171	84.127	72.222	96.34	59.994	0.987	49.7425	3429.5718
57	stage_3	2	89.29	98.171	98.171	84.127	72.222	96.34	59.994	0.987	51.0902	3480.6714
58	stage_3	2	89.7	98.171	98.171	84.127	72.222	96.34	59.994	0.987	50.5331	3531.2139
59	stage_3	2	89.83	98.171	98.171	84.127	72.222	96.34	59.994	0.987	49.5729	3580.7936
60	stage_3	2	89.48	98.171	98.171	84.127	72.222	96.34	59.994	0.987	50.5947	3631.3995
61	stage_3	2	89.62	98.171	98.171	84.127	72.222	96.34	59.994	0.987	51.1154	3682.5218
62	stage_3	2	90.05	98.171	98.171	84.127	72.222	96.34	59.994	0.987	49.5201	3732.0500
63	stage_3	2	89.69	98.171	98.171	84.127	72.222	96.34	59.994	0.987	52.2390	3784.2972
64	stage_3	2	89.74	98.171	98.171	84.127	72.222	96.34	59.994	0.987	50.8916	3835.1972
65	stage_3	2	89.95	98.171	98.171	84.127	72.222	96.34	59.994	0.987	48.7402	3883.9444
66	stage_3	2	90.0	98.171	98.171	84.127	72.222	96.34	59.994	0.987	49.0634	3933.0173
67	stage_3	2	89.75	98.171	98.171	84.127	72.222	96.34	59.994	0.987	49.8280	3982.8524
68	stage_3	2	90.22	98.171	98.171	84.127	72.222	96.34	59.994	0.987	49.5603	4032.4211
69	stage_3	2	89.97	98.171	98.171	84.127	72.222	96.34	59.994	0.987	50.8515	4083.2796
70	stage_3	2	90.19	98.171	98.171	84.127	72.222	96.34	59.994	0.987	50.5630	4133.8509
71	stage_3	2	90.07	98.171	98.171	84.127	72.222	96.34	59.994	0.987	55.5851	4189.4434
72	stage_3	2	90.16	98.171	98.171	84.127	72.222	96.34	59.994	0.987	51.7823	4241.2461
73	stage_3	2	89.93	98.171	98.171	84.127	72.222	96.34	59.994	0.987	197.8364	4439.0894
74	stage_4	3	90.15	98.212	98.212	84.162	72.283	96.422	59.994	0.989	45.4660	4484.5642
75	stage_4	3	90.4	98.212	98.212	84.162	72.283	96.422	59.994	0.989	46.5537	4531.1265
76	stage_4	3	90.11	98.212	98.212	84.162	72.283	96.422	59.994	0.989	49.1115	4580.2468
77	stage_4	3	90.3	98.212	98.212	84.162	72.283	96.422	59.994	0.989	51.4866	4631.7442
78	stage_4	3	90.45	98.212	98.212	84.162	72.283	96.422	59.994	0.989	53.3426	4685.0980
79	stage_4	3	90.54	98.212	98.212	84.162	72.283	96.422	59.994	0.989	50.1431	4735.2515
80	stage_4	3	90.49	98.212	98.212	84.162	72.283	96.422	59.994	0.989	50.2462	4785.5070
81	stage_4	3	90.44	98.212	98.212	84.162	72.283	96.422	59.994	0.989	50.5723	4836.0873
82	stage_4	3	90.45	98.212	98.212	84.162	72.283	96.422	59.994	0.989	50.8024	4886.9007
83	stage_4	3	90.25	98.212	98.212	84.162	72.283	96.422	59.994	0.989	50.0560	4936.9655
84	stage_4	3	90.51	98.212	98.212	84.162	72.283	96.422	59.994	0.989	48.2658	4985.2402
85	stage_4	3	90.48	98.212	98.212	84.162	72.283	96.422	59.994	0.989	47.8296	5033.0775
86	stage_4	3	90.58	98.212	98.212	84.162	72.283	96.422	59.994	0.989	46.3662	5079.4548
87	stage_4	3	90.72	98.212	98.212	84.162	72.283	96.422	59.994	0.989	42.5129	5121.9766
88	stage_4	3	90.39	98.212	98.212	84.162	72.283	96.422	59.994	0.989	43.1035	5165.0889
89	stage_4	3	90.22	98.212	98.212	84.162	72.283	96.422	59.994	0.989	43.1706	5208.2664
90	stage_4	3	90.58	98.212	98.212	84.162	72.283	96.422	59.994	0.989	40.9262	5249.2023
91	stage_4	3	90.59	98.212	98.212	84.162	72.283	96.422	59.994	0.989	41.9844	5291.1950
92	stage_4	3	90.63	98.212	98.212	84.162	72.283	96.422	59.994	0.989	42.8566	5334.0588
93	stage_4	3	90.46	98.212	98.212	84.162	72.283	96.422	59.994	0.989	42.8010	5376.8690
94	stage_4	3	90.5	98.212	98.212	84.162	72.283	96.422	59.994	0.989	43.0586	5419.9342
95	stage_4	3	90.73	98.212	98.212	84.162	72.283	96.422	59.994	0.989	42.2767	5462.2198
