epoch	phase	stage	acc	stage_pure	clean_precision	clean_recall	noisy_precision	noisy_recall	keep_ratio	avg_teacher_similarity	round_time_sec	total_time_sec
0	warmup	warmup	11.35	None	None	None	None	None	None	None	60.9522	60.9956
1	warmup	warmup	62.5	None	None	None	None	None	None	None	58.1588	119.1756
2	warmup	warmup	92.95	None	None	None	None	None	None	None	57.0083	176.2200
3	warmup	warmup	96.67	None	None	None	None	None	None	None	57.4148	233.6625
4	warmup	warmup	97.34	None	None	None	None	None	None	None	57.1391	290.8216
5	warmup	warmup	97.9	None	None	None	None	None	None	None	57.7117	348.5861
6	warmup	warmup	98.24	None	None	None	None	None	None	None	57.3931	406.0045
7	warmup	warmup	98.38	None	None	None	None	None	None	None	129.2613	535.2794
8	stage_1	0	97.14	99.731	99.731	85.483	74.596	99.461	60.0	0.984	43.9303	579.2512
9	stage_1	0	98.31	99.731	99.731	85.483	74.596	99.461	60.0	0.984	43.2708	622.5486
10	stage_1	0	98.35	99.731	99.731	85.483	74.596	99.461	60.0	0.984	43.1520	665.7342
11	stage_1	0	98.5	99.731	99.731	85.483	74.596	99.461	60.0	0.984	43.0850	708.8365
12	stage_1	0	98.53	99.731	99.731	85.483	74.596	99.461	60.0	0.984	43.5631	752.4109
13	stage_1	0	98.6	99.731	99.731	85.483	74.596	99.461	60.0	0.984	42.7518	795.1897
14	stage_1	0	98.61	99.731	99.731	85.483	74.596	99.461	60.0	0.984	41.9345	837.1514
15	stage_1	0	98.61	99.731	99.731	85.483	74.596	99.461	60.0	0.984	42.7665	879.9941
16	stage_1	0	98.64	99.731	99.731	85.483	74.596	99.461	60.0	0.984	42.7050	922.7236
17	stage_1	0	98.7	99.731	99.731	85.483	74.596	99.461	60.0	0.984	42.8699	965.6177
18	stage_1	0	98.62	99.731	99.731	85.483	74.596	99.461	60.0	0.984	42.7264	1008.3575
19	stage_1	0	98.61	99.731	99.731	85.483	74.596	99.461	60.0	0.984	42.4263	1050.8178
20	stage_1	0	98.63	99.731	99.731	85.483	74.596	99.461	60.0	0.984	41.7221	1092.5736
21	stage_1	0	98.64	99.731	99.731	85.483	74.596	99.461	60.0	0.984	40.8372	1133.4519
22	stage_1	0	98.69	99.731	99.731	85.483	74.596	99.461	60.0	0.984	41.9599	1175.4488
23	stage_1	0	98.69	99.731	99.731	85.483	74.596	99.461	60.0	0.984	42.8262	1218.2955
24	stage_1	0	98.72	99.731	99.731	85.483	74.596	99.461	60.0	0.984	42.4873	1260.8359
25	stage_1	0	98.76	99.731	99.731	85.483	74.596	99.461	60.0	0.984	42.4242	1303.2821
26	stage_1	0	98.68	99.731	99.731	85.483	74.596	99.461	60.0	0.984	41.8992	1345.1999
27	stage_1	0	98.75	99.731	99.731	85.483	74.596	99.461	60.0	0.984	46.5372	1391.7851
28	stage_1	0	98.71	99.731	99.731	85.483	74.596	99.461	60.0	0.984	46.5606	1438.3686
29	stage_1	0	98.75	99.731	99.731	85.483	74.596	99.461	60.0	0.984	110.2381	1548.6431
30	stage_2	1	98.81	99.983	99.983	85.7	74.975	99.967	60.0	0.99	44.1824	1592.8613
31	stage_2	1	98.79	99.983	99.983	85.7	74.975	99.967	60.0	0.99	45.7866	1638.6749
32	stage_2	1	98.88	99.983	99.983	85.7	74.975	99.967	60.0	0.99	45.1355	1683.8374
33	stage_2	1	98.8	99.983	99.983	85.7	74.975	99.967	60.0	0.99	44.8463	1728.7333
34	stage_2	1	98.85	99.983	99.983	85.7	74.975	99.967	60.0	0.99	44.9850	1773.7971
35	stage_2	1	98.96	99.983	99.983	85.7	74.975	99.967	60.0	0.99	44.7267	1818.5614
36	stage_2	1	98.88	99.983	99.983	85.7	74.975	99.967	60.0	0.99	45.1645	1863.7516
37	stage_2	1	98.91	99.983	99.983	85.7	74.975	99.967	60.0	0.99	44.9733	1908.7511
38	stage_2	1	98.86	99.983	99.983	85.7	74.975	99.967	60.0	0.99	45.3016	1954.0939
39	stage_2	1	98.91	99.983	99.983	85.7	74.975	99.967	60.0	0.99	44.2617	1998.3734
40	stage_2	1	98.85	99.983	99.983	85.7	74.975	99.967	60.0	0.99	45.4373	2043.8548
41	stage_2	1	98.86	99.983	99.983	85.7	74.975	99.967	60.0	0.99	45.3747	2089.2470
42	stage_2	1	98.85	99.983	99.983	85.7	74.975	99.967	60.0	0.99	44.8195	2134.0826
43	stage_2	1	98.92	99.983	99.983	85.7	74.975	99.967	60.0	0.99	44.7120	2178.8129
44	stage_2	1	98.93	99.983	99.983	85.7	74.975	99.967	60.0	0.99	45.5276	2224.3488
45	stage_2	1	98.9	99.983	99.983	85.7	74.975	99.967	60.0	0.99	46.2976	2270.6586
46	stage_2	1	98.91	99.983	99.983	85.7	74.975	99.967	60.0	0.99	45.9886	2316.6676
47	stage_2	1	98.88	99.983	99.983	85.7	74.975	99.967	60.0	0.99	45.9132	2362.6239
48	stage_2	1	98.89	99.983	99.983	85.7	74.975	99.967	60.0	0.99	46.8571	2409.5189
49	stage_2	1	98.92	99.983	99.983	85.7	74.975	99.967	60.0	0.99	45.9671	2455.5027
50	stage_2	1	98.98	99.983	99.983	85.7	74.975	99.967	60.0	0.99	45.6383	2501.1490
51	stage_2	1	98.96	99.983	99.983	85.7	74.975	99.967	60.0	0.99	90.2977	2591.4710
52	stage_3	2	98.95	99.992	99.992	85.707	74.988	99.983	60.0	0.993	43.3227	2634.8078
53	stage_3	2	98.96	99.992	99.992	85.707	74.988	99.983	60.0	0.993	47.1222	2681.9541
54	stage_3	2	98.96	99.992	99.992	85.707	74.988	99.983	60.0	0.993	48.3174	2730.2996
55	stage_3	2	98.91	99.992	99.992	85.707	74.988	99.983	60.0	0.993	48.4241	2778.7307
56	stage_3	2	98.96	99.992	99.992	85.707	74.988	99.983	60.0	0.993	46.4775	2825.2228
57	stage_3	2	99.01	99.992	99.992	85.707	74.988	99.983	60.0	0.993	47.5958	2872.8314
58	stage_3	2	98.91	99.992	99.992	85.707	74.988	99.983	60.0	0.993	48.1951	2921.0490
59	stage_3	2	98.98	99.992	99.992	85.707	74.988	99.983	60.0	0.993	47.8780	2968.9491
60	stage_3	2	98.98	99.992	99.992	85.707	74.988	99.983	60.0	0.993	48.8791	3017.8489
61	stage_3	2	98.98	99.992	99.992	85.707	74.988	99.983	60.0	0.993	46.6270	3064.4999
62	stage_3	2	98.97	99.992	99.992	85.707	74.988	99.983	60.0	0.993	46.6497	3111.1758
63	stage_3	2	98.95	99.992	99.992	85.707	74.988	99.983	60.0	0.993	47.8498	3159.0383
64	stage_3	2	98.99	99.992	99.992	85.707	74.988	99.983	60.0	0.993	44.9071	3203.9671
65	stage_3	2	99.03	99.992	99.992	85.707	74.988	99.983	60.0	0.993	45.7752	3249.7621
66	stage_3	2	98.97	99.992	99.992	85.707	74.988	99.983	60.0	0.993	43.1188	3292.9032
67	stage_3	2	98.92	99.992	99.992	85.707	74.988	99.983	60.0	0.993	45.8201	3338.7370
68	stage_3	2	99.05	99.992	99.992	85.707	74.988	99.983	60.0	0.993	45.6312	3384.3811
69	stage_3	2	98.95	99.992	99.992	85.707	74.988	99.983	60.0	0.993	46.1092	3430.5114
70	stage_3	2	99.05	99.992	99.992	85.707	74.988	99.983	60.0	0.993	46.0480	3476.5742
71	stage_3	2	98.94	99.992	99.992	85.707	74.988	99.983	60.0	0.993	45.9585	3522.5650
72	stage_3	2	98.94	99.992	99.992	85.707	74.988	99.983	60.0	0.993	45.6814	3568.2715
73	stage_3	2	98.94	99.992	99.992	85.707	74.988	99.983	60.0	0.993	73.8115	3642.0999
74	stage_4	3	98.88	99.989	99.989	85.705	74.983	99.978	60.0	0.994	43.2404	3685.3497
75	stage_4	3	98.9	99.989	99.989	85.705	74.983	99.978	60.0	0.994	46.8901	3732.2502
76	stage_4	3	98.92	99.989	99.989	85.705	74.983	99.978	60.0	0.994	46.8359	3779.0969
77	stage_4	3	99.01	99.989	99.989	85.705	74.983	99.978	60.0	0.994	46.1445	3825.2503
78	stage_4	3	98.92	99.989	99.989	85.705	74.983	99.978	60.0	0.994	46.1190	3871.3792
79	stage_4	3	99.0	99.989	99.989	85.705	74.983	99.978	60.0	0.994	46.5202	3917.9067
80	stage_4	3	98.92	99.989	99.989	85.705	74.983	99.978	60.0	0.994	49.4488	3967.3699
81	stage_4	3	98.99	99.989	99.989	85.705	74.983	99.978	60.0	0.994	47.1990	4014.5770
82	stage_4	3	98.89	99.989	99.989	85.705	74.983	99.978	60.0	0.994	51.1853	4065.7718
83	stage_4	3	98.92	99.989	99.989	85.705	74.983	99.978	60.0	0.994	45.7192	4111.4977
84	stage_4	3	98.97	99.989	99.989	85.705	74.983	99.978	60.0	0.994	46.3189	4157.8250
85	stage_4	3	98.98	99.989	99.989	85.705	74.983	99.978	60.0	0.994	46.7413	4204.5752
86	stage_4	3	98.96	99.989	99.989	85.705	74.983	99.978	60.0	0.994	39.5650	4244.1490
87	stage_4	3	98.94	99.989	99.989	85.705	74.983	99.978	60.0	0.994	43.4356	4287.5917
88	stage_4	3	98.94	99.989	99.989	85.705	74.983	99.978	60.0	0.994	42.8329	4330.4353
89	stage_4	3	98.94	99.989	99.989	85.705	74.983	99.978	60.0	0.994	50.5962	4381.0385
90	stage_4	3	98.91	99.989	99.989	85.705	74.983	99.978	60.0	0.994	48.3579	4429.4629
91	stage_4	3	98.84	99.989	99.989	85.705	74.983	99.978	60.0	0.994	47.7481	4477.2183
92	stage_4	3	98.94	99.989	99.989	85.705	74.983	99.978	60.0	0.994	49.1528	4526.3798
93	stage_4	3	99.02	99.989	99.989	85.705	74.983	99.978	60.0	0.994	47.1550	4573.5429
94	stage_4	3	98.98	99.989	99.989	85.705	74.983	99.978	60.0	0.994	49.2044	4622.7562
95	stage_4	3	98.96	99.989	99.989	85.705	74.983	99.978	60.0	0.994	48.6621	4671.4252
