epoch	phase	stage	acc	stage_pure	clean_precision	clean_recall	noisy_precision	noisy_recall	keep_ratio	avg_teacher_similarity	round_time_sec	total_time_sec
0	warmup	warmup	19.59	None	None	None	None	None	None	None	44.7898	44.7962
1	warmup	warmup	46.93	None	None	None	None	None	None	None	44.8309	89.6403
2	warmup	warmup	70.02	None	None	None	None	None	None	None	45.0382	134.6873
3	warmup	warmup	77.46	None	None	None	None	None	None	None	44.9637	179.6614
4	warmup	warmup	80.22	None	None	None	None	None	None	None	45.2613	224.9313
5	warmup	warmup	82.24	None	None	None	None	None	None	None	43.7212	268.6688
6	warmup	warmup	83.77	None	None	None	None	None	None	None	46.7108	315.3867
7	warmup	warmup	84.73	None	None	None	None	None	None	None	44.7271	360.1247
8	warmup	warmup	84.87	None	None	None	None	None	None	None	44.6966	404.8299
9	warmup	warmup	85.83	None	None	None	None	None	None	None	97.2747	502.1153
10	stage_1	0	77.88	90.115	90.115	90.097	76.893	76.928	69.996	0.988	37.8715	539.9976
11	stage_1	0	82.04	90.115	90.115	90.097	76.893	76.928	69.996	0.988	37.3450	577.3498
12	stage_1	0	83.42	90.115	90.115	90.097	76.893	76.928	69.996	0.988	37.5890	614.9494
13	stage_1	0	84.17	90.115	90.115	90.097	76.893	76.928	69.996	0.988	37.4856	652.4420
14	stage_1	0	84.17	90.115	90.115	90.097	76.893	76.928	69.996	0.988	37.0314	689.4830
15	stage_1	0	84.95	90.115	90.115	90.097	76.893	76.928	69.996	0.988	37.0291	726.5202
16	stage_1	0	85.05	90.115	90.115	90.097	76.893	76.928	69.996	0.988	37.3752	763.9060
17	stage_1	0	85.25	90.115	90.115	90.097	76.893	76.928	69.996	0.988	37.1879	801.1013
18	stage_1	0	85.27	90.115	90.115	90.097	76.893	76.928	69.996	0.988	37.0363	838.1481
19	stage_1	0	85.6	90.115	90.115	90.097	76.893	76.928	69.996	0.988	37.5751	875.7313
20	stage_1	0	85.96	90.115	90.115	90.097	76.893	76.928	69.996	0.988	37.2228	912.9644
21	stage_1	0	85.75	90.115	90.115	90.097	76.893	76.928	69.996	0.988	36.7890	949.7606
22	stage_1	0	86.15	90.115	90.115	90.097	76.893	76.928	69.996	0.988	37.2346	987.0068
23	stage_1	0	85.75	90.115	90.115	90.097	76.893	76.928	69.996	0.988	36.9450	1023.9605
24	stage_1	0	86.44	90.115	90.115	90.097	76.893	76.928	69.996	0.988	37.1574	1061.1268
25	stage_1	0	86.36	90.115	90.115	90.097	76.893	76.928	69.996	0.988	37.4011	1098.5354
26	stage_1	0	86.31	90.115	90.115	90.097	76.893	76.928	69.996	0.988	36.8394	1135.3873
27	stage_1	0	86.49	90.115	90.115	90.097	76.893	76.928	69.996	0.988	36.7989	1172.1946
28	stage_1	0	86.91	90.115	90.115	90.097	76.893	76.928	69.996	0.988	36.6604	1208.8639
29	stage_1	0	86.75	90.115	90.115	90.097	76.893	76.928	69.996	0.988	37.3270	1246.1982
30	stage_1	0	86.65	90.115	90.115	90.097	76.893	76.928	69.996	0.988	36.9742	1283.1812
31	stage_1	0	86.79	90.115	90.115	90.097	76.893	76.928	69.996	0.988	38.1219	1321.3116
32	stage_1	0	87.09	90.115	90.115	90.097	76.893	76.928	69.996	0.988	36.6346	1357.9550
33	stage_1	0	86.8	90.115	90.115	90.097	76.893	76.928	69.996	0.988	36.9913	1394.9538
34	stage_1	0	87.08	90.115	90.115	90.097	76.893	76.928	69.996	0.988	37.1417	1432.1080
35	stage_1	0	87.1	90.115	90.115	90.097	76.893	76.928	69.996	0.988	38.6482	1470.7644
36	stage_1	0	87.35	90.115	90.115	90.097	76.893	76.928	69.996	0.988	36.8903	1507.6704
37	stage_1	0	87.47	90.115	90.115	90.097	76.893	76.928	69.996	0.988	37.0544	1544.7319
38	stage_1	0	87.48	90.115	90.115	90.097	76.893	76.928	69.996	0.988	36.9199	1581.6619
39	stage_1	0	87.31	90.115	90.115	90.097	76.893	76.928	69.996	0.988	37.1861	1618.8566
40	stage_1	0	87.47	90.115	90.115	90.097	76.893	76.928	69.996	0.988	36.6430	1655.5105
41	stage_1	0	87.61	90.115	90.115	90.097	76.893	76.928	69.996	0.988	35.7810	1691.3016
42	stage_1	0	87.76	90.115	90.115	90.097	76.893	76.928	69.996	0.988	36.0936	1727.4069
43	stage_1	0	87.33	90.115	90.115	90.097	76.893	76.928	69.996	0.988	36.7606	1764.1761
44	stage_1	0	87.09	90.115	90.115	90.097	76.893	76.928	69.996	0.988	36.9698	1801.1558
45	stage_1	0	87.55	90.115	90.115	90.097	76.893	76.928	69.996	0.988	37.1899	1838.3532
46	stage_1	0	87.96	90.115	90.115	90.097	76.893	76.928	69.996	0.988	36.8786	1875.2423
47	stage_1	0	87.75	90.115	90.115	90.097	76.893	76.928	69.996	0.988	36.9453	1912.2014
48	stage_1	0	87.89	90.115	90.115	90.097	76.893	76.928	69.996	0.988	37.4651	1949.6755
49	stage_1	0	87.65	90.115	90.115	90.097	76.893	76.928	69.996	0.988	35.9134	1985.5966
50	stage_1	0	87.89	90.115	90.115	90.097	76.893	76.928	69.996	0.988	37.5754	2023.1812
51	stage_1	0	87.54	90.115	90.115	90.097	76.893	76.928	69.996	0.988	36.4288	2059.6203
52	stage_1	0	87.82	90.115	90.115	90.097	76.893	76.928	69.996	0.988	36.5987	2096.2279
53	stage_1	0	87.98	90.115	90.115	90.097	76.893	76.928	69.996	0.988	38.3139	2134.5496
54	stage_1	0	88.01	90.115	90.115	90.097	76.893	76.928	69.996	0.988	36.8529	2171.4127
55	stage_1	0	87.63	90.115	90.115	90.097	76.893	76.928	69.996	0.988	36.9698	2208.3914
56	stage_1	0	87.96	90.115	90.115	90.097	76.893	76.928	69.996	0.988	36.5332	2244.9390
57	stage_1	0	87.83	90.115	90.115	90.097	76.893	76.928	69.996	0.988	36.8990	2281.8467
58	stage_1	0	87.9	90.115	90.115	90.097	76.893	76.928	69.996	0.988	37.7662	2319.6242
59	stage_1	0	88.08	90.115	90.115	90.097	76.893	76.928	69.996	0.988	77.6917	2397.3242
60	stage_2	1	89.2	94.44	94.44	94.422	86.984	87.023	69.996	0.982	36.8908	2434.2248
61	stage_2	1	89.82	94.44	94.44	94.422	86.984	87.023	69.996	0.982	37.1178	2471.3506
62	stage_2	1	90.17	94.44	94.44	94.422	86.984	87.023	69.996	0.982	37.2012	2508.5653
63	stage_2	1	90.18	94.44	94.44	94.422	86.984	87.023	69.996	0.982	36.9680	2545.5420
64	stage_2	1	90.45	94.44	94.44	94.422	86.984	87.023	69.996	0.982	37.2344	2582.7868
65	stage_2	1	90.49	94.44	94.44	94.422	86.984	87.023	69.996	0.982	36.6852	2619.4809
66	stage_2	1	90.57	94.44	94.44	94.422	86.984	87.023	69.996	0.982	36.9148	2656.4051
67	stage_2	1	90.65	94.44	94.44	94.422	86.984	87.023	69.996	0.982	37.0415	2693.4540
68	stage_2	1	90.46	94.44	94.44	94.422	86.984	87.023	69.996	0.982	36.9092	2730.3724
69	stage_2	1	90.62	94.44	94.44	94.422	86.984	87.023	69.996	0.982	37.2660	2767.6473
70	stage_2	1	90.79	94.44	94.44	94.422	86.984	87.023	69.996	0.982	36.8892	2804.5456
71	stage_2	1	90.48	94.44	94.44	94.422	86.984	87.023	69.996	0.982	37.0974	2841.6522
72	stage_2	1	90.81	94.44	94.44	94.422	86.984	87.023	69.996	0.982	36.9262	2878.5956
73	stage_2	1	90.68	94.44	94.44	94.422	86.984	87.023	69.996	0.982	37.8584	2916.4625
74	stage_2	1	90.87	94.44	94.44	94.422	86.984	87.023	69.996	0.982	37.8898	2954.3620
75	stage_2	1	90.73	94.44	94.44	94.422	86.984	87.023	69.996	0.982	38.5958	2992.9655
76	stage_2	1	90.88	94.44	94.44	94.422	86.984	87.023	69.996	0.982	36.5940	3029.5714
77	stage_2	1	90.66	94.44	94.44	94.422	86.984	87.023	69.996	0.982	37.1162	3066.6957
78	stage_2	1	90.91	94.44	94.44	94.422	86.984	87.023	69.996	0.982	37.0431	3103.7484
79	stage_2	1	90.77	94.44	94.44	94.422	86.984	87.023	69.996	0.982	37.0511	3140.8070
80	stage_2	1	90.41	94.44	94.44	94.422	86.984	87.023	69.996	0.982	37.3140	3178.1317
81	stage_2	1	90.75	94.44	94.44	94.422	86.984	87.023	69.996	0.982	37.0392	3215.1815
82	stage_2	1	90.63	94.44	94.44	94.422	86.984	87.023	69.996	0.982	37.0020	3252.1947
83	stage_2	1	90.78	94.44	94.44	94.422	86.984	87.023	69.996	0.982	37.0352	3289.2401
84	stage_2	1	90.69	94.44	94.44	94.422	86.984	87.023	69.996	0.982	37.7559	3327.0070
85	stage_2	1	90.84	94.44	94.44	94.422	86.984	87.023	69.996	0.982	37.1381	3364.1528
86	stage_2	1	90.7	94.44	94.44	94.422	86.984	87.023	69.996	0.982	37.7808	3401.9426
87	stage_2	1	90.82	94.44	94.44	94.422	86.984	87.023	69.996	0.982	37.0483	3438.9997
88	stage_2	1	90.73	94.44	94.44	94.422	86.984	87.023	69.996	0.982	36.6531	3475.6639
89	stage_2	1	90.77	94.44	94.44	94.422	86.984	87.023	69.996	0.982	36.5776	3512.2501
90	stage_2	1	90.44	94.44	94.44	94.422	86.984	87.023	69.996	0.982	36.6530	3548.9125
91	stage_2	1	90.84	94.44	94.44	94.422	86.984	87.023	69.996	0.982	34.3456	3583.2682
92	stage_2	1	90.71	94.44	94.44	94.422	86.984	87.023	69.996	0.982	36.7653	3620.0439
93	stage_2	1	90.84	94.44	94.44	94.422	86.984	87.023	69.996	0.982	37.3876	3657.4391
94	stage_2	1	90.38	94.44	94.44	94.422	86.984	87.023	69.996	0.982	37.0882	3694.5394
95	stage_2	1	90.62	94.44	94.44	94.422	86.984	87.023	69.996	0.982	36.9157	3731.4632
96	stage_2	1	90.83	94.44	94.44	94.422	86.984	87.023	69.996	0.982	36.9018	3768.3770
97	stage_2	1	90.39	94.44	94.44	94.422	86.984	87.023	69.996	0.982	36.9940	3805.3826
98	stage_2	1	90.54	94.44	94.44	94.422	86.984	87.023	69.996	0.982	37.1241	3842.5168
99	stage_2	1	90.96	94.44	94.44	94.422	86.984	87.023	69.996	0.982	37.3776	3879.9039
100	stage_2	1	90.88	94.44	94.44	94.422	86.984	87.023	69.996	0.982	37.0461	3916.9603
101	stage_2	1	90.54	94.44	94.44	94.422	86.984	87.023	69.996	0.982	37.1986	3954.1677
102	stage_2	1	90.71	94.44	94.44	94.422	86.984	87.023	69.996	0.982	36.9202	3991.0996
103	stage_2	1	90.58	94.44	94.44	94.422	86.984	87.023	69.996	0.982	36.8795	4027.9889
104	stage_2	1	90.78	94.44	94.44	94.422	86.984	87.023	69.996	0.982	37.0220	4065.0199
105	stage_2	1	90.76	94.44	94.44	94.422	86.984	87.023	69.996	0.982	37.7526	4102.7803
106	stage_2	1	90.67	94.44	94.44	94.422	86.984	87.023	69.996	0.982	37.1772	4139.9679
107	stage_2	1	90.88	94.44	94.44	94.422	86.984	87.023	69.996	0.982	37.1298	4177.1075
108	stage_2	1	90.55	94.44	94.44	94.422	86.984	87.023	69.996	0.982	37.6269	4214.7464
109	stage_2	1	90.67	94.44	94.44	94.422	86.984	87.023	69.996	0.982	69.2045	4283.9781
110	stage_3	2	90.75	93.892	93.892	93.874	85.705	85.744	69.996	0.986	37.0030	4320.9930
111	stage_3	2	90.8	93.892	93.892	93.874	85.705	85.744	69.996	0.986	37.2765	4358.2793
112	stage_3	2	90.68	93.892	93.892	93.874	85.705	85.744	69.996	0.986	37.3509	4395.6420
113	stage_3	2	90.57	93.892	93.892	93.874	85.705	85.744	69.996	0.986	38.9353	4434.5871
114	stage_3	2	90.5	93.892	93.892	93.874	85.705	85.744	69.996	0.986	37.0805	4471.6773
115	stage_3	2	90.48	93.892	93.892	93.874	85.705	85.744	69.996	0.986	37.9060	4509.5969
116	stage_3	2	90.8	93.892	93.892	93.874	85.705	85.744	69.996	0.986	36.8434	4546.4508
117	stage_3	2	90.4	93.892	93.892	93.874	85.705	85.744	69.996	0.986	36.8146	4583.2744
118	stage_3	2	90.34	93.892	93.892	93.874	85.705	85.744	69.996	0.986	35.9052	4619.1891
119	stage_3	2	90.2	93.892	93.892	93.874	85.705	85.744	69.996	0.986	38.2571	4657.4540
120	stage_3	2	90.47	93.892	93.892	93.874	85.705	85.744	69.996	0.986	37.0764	4694.5421
121	stage_3	2	90.35	93.892	93.892	93.874	85.705	85.744	69.996	0.986	37.0966	4731.6466
122	stage_3	2	90.16	93.892	93.892	93.874	85.705	85.744	69.996	0.986	38.2141	4769.8727
123	stage_3	2	90.58	93.892	93.892	93.874	85.705	85.744	69.996	0.986	37.1745	4807.0575
124	stage_3	2	90.46	93.892	93.892	93.874	85.705	85.744	69.996	0.986	37.2091	4844.2783
125	stage_3	2	90.67	93.892	93.892	93.874	85.705	85.744	69.996	0.986	36.9644	4881.2528
126	stage_3	2	90.68	93.892	93.892	93.874	85.705	85.744	69.996	0.986	37.1685	4918.4306
127	stage_3	2	90.69	93.892	93.892	93.874	85.705	85.744	69.996	0.986	37.5243	4955.9625
128	stage_3	2	90.51	93.892	93.892	93.874	85.705	85.744	69.996	0.986	37.0660	4993.0400
129	stage_3	2	90.66	93.892	93.892	93.874	85.705	85.744	69.996	0.986	37.1210	5030.1687
130	stage_3	2	90.75	93.892	93.892	93.874	85.705	85.744	69.996	0.986	37.0718	5067.2528
131	stage_3	2	90.57	93.892	93.892	93.874	85.705	85.744	69.996	0.986	37.0042	5104.2665
132	stage_3	2	90.38	93.892	93.892	93.874	85.705	85.744	69.996	0.986	37.1168	5141.3967
133	stage_3	2	90.45	93.892	93.892	93.874	85.705	85.744	69.996	0.986	37.7397	5179.1461
134	stage_3	2	90.61	93.892	93.892	93.874	85.705	85.744	69.996	0.986	37.2135	5216.3696
135	stage_3	2	90.33	93.892	93.892	93.874	85.705	85.744	69.996	0.986	37.0758	5253.4542
136	stage_3	2	90.09	93.892	93.892	93.874	85.705	85.744	69.996	0.986	37.2587	5290.7222
137	stage_3	2	90.58	93.892	93.892	93.874	85.705	85.744	69.996	0.986	37.1339	5327.8701
138	stage_3	2	90.41	93.892	93.892	93.874	85.705	85.744	69.996	0.986	37.1653	5365.0446
139	stage_3	2	90.53	93.892	93.892	93.874	85.705	85.744	69.996	0.986	36.8845	5401.9413
140	stage_3	2	90.36	93.892	93.892	93.874	85.705	85.744	69.996	0.986	35.1189	5437.0712
141	stage_3	2	90.69	93.892	93.892	93.874	85.705	85.744	69.996	0.986	35.9993	5473.0811
142	stage_3	2	90.67	93.892	93.892	93.874	85.705	85.744	69.996	0.986	36.5650	5509.6567
143	stage_3	2	90.79	93.892	93.892	93.874	85.705	85.744	69.996	0.986	37.2187	5546.8863
144	stage_3	2	90.86	93.892	93.892	93.874	85.705	85.744	69.996	0.986	37.3696	5584.2702
145	stage_3	2	90.65	93.892	93.892	93.874	85.705	85.744	69.996	0.986	38.3504	5622.6335
146	stage_3	2	90.63	93.892	93.892	93.874	85.705	85.744	69.996	0.986	37.1035	5659.7463
147	stage_3	2	90.55	93.892	93.892	93.874	85.705	85.744	69.996	0.986	37.3060	5697.0687
148	stage_3	2	90.51	93.892	93.892	93.874	85.705	85.744	69.996	0.986	37.0223	5734.1003
149	stage_3	2	90.58	93.892	93.892	93.874	85.705	85.744	69.996	0.986	36.5672	5770.6780
150	stage_3	2	90.77	93.892	93.892	93.874	85.705	85.744	69.996	0.986	37.1535	5807.8420
151	stage_3	2	90.81	93.892	93.892	93.874	85.705	85.744	69.996	0.986	37.6575	5845.5100
152	stage_3	2	90.58	93.892	93.892	93.874	85.705	85.744	69.996	0.986	37.5778	5883.0978
153	stage_3	2	90.49	93.892	93.892	93.874	85.705	85.744	69.996	0.986	36.6666	5919.7749
154	stage_3	2	90.54	93.892	93.892	93.874	85.705	85.744	69.996	0.986	37.0304	5956.8157
155	stage_3	2	90.63	93.892	93.892	93.874	85.705	85.744	69.996	0.986	37.1816	5994.0092
156	stage_3	2	90.64	93.892	93.892	93.874	85.705	85.744	69.996	0.986	37.1217	6031.1417
157	stage_3	2	90.86	93.892	93.892	93.874	85.705	85.744	69.996	0.986	36.9842	6068.1417
158	stage_3	2	90.95	93.892	93.892	93.874	85.705	85.744	69.996	0.986	37.3204	6105.4712
159	stage_3	2	90.66	93.892	93.892	93.874	85.705	85.744	69.996	0.986	55.8018	6161.2864
160	stage_4	3	90.73	93.847	93.847	93.829	85.601	85.64	69.996	0.991	37.4963	6198.7937
161	stage_4	3	90.32	93.847	93.847	93.829	85.601	85.64	69.996	0.991	36.9079	6235.7095
162	stage_4	3	90.93	93.847	93.847	93.829	85.601	85.64	69.996	0.991	37.1508	6272.8727
163	stage_4	3	90.6	93.847	93.847	93.829	85.601	85.64	69.996	0.991	37.4544	6310.3350
164	stage_4	3	90.58	93.847	93.847	93.829	85.601	85.64	69.996	0.991	36.7642	6347.1087
165	stage_4	3	90.63	93.847	93.847	93.829	85.601	85.64	69.996	0.991	37.1636	6384.2804
166	stage_4	3	90.42	93.847	93.847	93.829	85.601	85.64	69.996	0.991	37.1621	6421.4520
167	stage_4	3	90.58	93.847	93.847	93.829	85.601	85.64	69.996	0.991	37.5752	6459.0356
168	stage_4	3	90.43	93.847	93.847	93.829	85.601	85.64	69.996	0.991	36.9733	6496.0205
169	stage_4	3	90.46	93.847	93.847	93.829	85.601	85.64	69.996	0.991	36.7946	6532.8236
170	stage_4	3	90.43	93.847	93.847	93.829	85.601	85.64	69.996	0.991	24.5493	6557.3819
171	stage_4	3	90.96	93.847	93.847	93.829	85.601	85.64	69.996	0.991	24.1315	6581.5222
172	stage_4	3	90.5	93.847	93.847	93.829	85.601	85.64	69.996	0.991	25.1263	6606.6586
173	stage_4	3	90.94	93.847	93.847	93.829	85.601	85.64	69.996	0.991	33.6589	6640.3264
174	stage_4	3	90.93	93.847	93.847	93.829	85.601	85.64	69.996	0.991	36.7122	6677.0476
175	stage_4	3	90.8	93.847	93.847	93.829	85.601	85.64	69.996	0.991	36.8704	6713.9286
176	stage_4	3	90.8	93.847	93.847	93.829	85.601	85.64	69.996	0.991	36.9720	6750.9083
177	stage_4	3	90.82	93.847	93.847	93.829	85.601	85.64	69.996	0.991	36.8802	6787.8015
178	stage_4	3	90.77	93.847	93.847	93.829	85.601	85.64	69.996	0.991	36.7522	6824.5627
179	stage_4	3	90.88	93.847	93.847	93.829	85.601	85.64	69.996	0.991	37.8526	6862.4246
180	stage_4	3	90.94	93.847	93.847	93.829	85.601	85.64	69.996	0.991	36.6220	6899.0579
181	stage_4	3	91.18	93.847	93.847	93.829	85.601	85.64	69.996	0.991	36.8054	6935.8726
182	stage_4	3	90.9	93.847	93.847	93.829	85.601	85.64	69.996	0.991	37.0238	6972.9055
183	stage_4	3	90.88	93.847	93.847	93.829	85.601	85.64	69.996	0.991	36.3815	7009.2980
184	stage_4	3	91.11	93.847	93.847	93.829	85.601	85.64	69.996	0.991	36.7929	7046.0996
185	stage_4	3	90.91	93.847	93.847	93.829	85.601	85.64	69.996	0.991	36.7865	7082.8952
186	stage_4	3	91.03	93.847	93.847	93.829	85.601	85.64	69.996	0.991	36.7822	7119.6870
187	stage_4	3	90.72	93.847	93.847	93.829	85.601	85.64	69.996	0.991	36.7371	7156.4331
188	stage_4	3	90.93	93.847	93.847	93.829	85.601	85.64	69.996	0.991	36.7862	7193.2271
189	stage_4	3	90.76	93.847	93.847	93.829	85.601	85.64	69.996	0.991	37.8251	7231.0648
190	stage_4	3	90.88	93.847	93.847	93.829	85.601	85.64	69.996	0.991	30.7632	7261.8359
191	stage_4	3	91.07	93.847	93.847	93.829	85.601	85.64	69.996	0.991	22.4407	7284.2857
192	stage_4	3	91.06	93.847	93.847	93.829	85.601	85.64	69.996	0.991	28.3577	7312.6570
193	stage_4	3	90.9	93.847	93.847	93.829	85.601	85.64	69.996	0.991	28.8539	7341.5218
194	stage_4	3	90.91	93.847	93.847	93.829	85.601	85.64	69.996	0.991	29.5869	7371.1216
195	stage_4	3	91.15	93.847	93.847	93.829	85.601	85.64	69.996	0.991	29.1597	7400.2923
196	stage_4	3	91.06	93.847	93.847	93.829	85.601	85.64	69.996	0.991	28.8829	7429.1839
197	stage_4	3	91.01	93.847	93.847	93.829	85.601	85.64	69.996	0.991	28.7184	7457.9127
198	stage_4	3	91.1	93.847	93.847	93.829	85.601	85.64	69.996	0.991	28.7004	7486.6226
199	stage_4	3	91.06	93.847	93.847	93.829	85.601	85.64	69.996	0.991	28.9893	7515.6197
200	stage_4	3	91.32	93.847	93.847	93.829	85.601	85.64	69.996	0.991	29.1917	7544.8187
201	stage_4	3	91.22	93.847	93.847	93.829	85.601	85.64	69.996	0.991	30.1606	7574.9875
202	stage_4	3	91.15	93.847	93.847	93.829	85.601	85.64	69.996	0.991	29.6920	7604.6870
203	stage_4	3	91.19	93.847	93.847	93.829	85.601	85.64	69.996	0.991	29.1821	7633.8769
204	stage_4	3	91.1	93.847	93.847	93.829	85.601	85.64	69.996	0.991	27.4424	7661.3270
205	stage_4	3	91.29	93.847	93.847	93.829	85.601	85.64	69.996	0.991	28.1895	7689.5267
206	stage_4	3	91.1	93.847	93.847	93.829	85.601	85.64	69.996	0.991	28.2526	7717.7879
207	stage_4	3	91.12	93.847	93.847	93.829	85.601	85.64	69.996	0.991	28.5336	7746.3363
208	stage_4	3	91.05	93.847	93.847	93.829	85.601	85.64	69.996	0.991	27.8227	7774.1683
209	stage_4	3	91.28	93.847	93.847	93.829	85.601	85.64	69.996	0.991	28.0424	7802.2180
