epoch	phase	stage	acc	stage_pure	clean_precision	clean_recall	noisy_precision	noisy_recall	keep_ratio	avg_teacher_similarity	round_time_sec	total_time_sec
0	warmup	warmup	1.0	None	None	None	None	None	None	None	116.1031	116.1094
1	warmup	warmup	0.99	None	None	None	None	None	None	None	127.2102	243.3292
2	warmup	warmup	7.22	None	None	None	None	None	None	None	125.6412	368.9768
3	warmup	warmup	11.63	None	None	None	None	None	None	None	125.6594	494.6440
4	warmup	warmup	13.98	None	None	None	None	None	None	None	128.6235	623.2738
5	warmup	warmup	16.02	None	None	None	None	None	None	None	127.0103	750.2906
6	warmup	warmup	18.24	None	None	None	None	None	None	None	127.1516	877.4487
7	warmup	warmup	19.88	None	None	None	None	None	None	None	127.4599	1004.9151
8	warmup	warmup	21.5	None	None	None	None	None	None	None	125.6014	1130.5256
9	warmup	warmup	22.87	None	None	None	None	None	None	None	127.1671	1257.7008
10	warmup	warmup	24.03	None	None	None	None	None	None	None	125.5590	1383.2671
11	warmup	warmup	24.9	None	None	None	None	None	None	None	124.9633	1508.2398
12	warmup	warmup	26.17	None	None	None	None	None	None	None	124.7323	1632.9784
13	warmup	warmup	26.7	None	None	None	None	None	None	None	128.2606	1761.2453
14	warmup	warmup	27.62	None	None	None	None	None	None	None	126.7062	1887.9599
15	warmup	warmup	28.31	None	None	None	None	None	None	None	125.0443	2013.0112
16	warmup	warmup	29.13	None	None	None	None	None	None	None	124.3962	2137.4140
17	warmup	warmup	29.14	None	None	None	None	None	None	None	125.6514	2263.0735
18	warmup	warmup	29.76	None	None	None	None	None	None	None	125.5747	2388.6545
19	warmup	warmup	29.85	None	None	None	None	None	None	None	196.7687	2585.4296
20	stage_1	0	30.54	54.567	54.567	98.22	91.1	18.22	90.0	0.988	118.7507	2704.1876
21	stage_1	0	30.84	54.567	54.567	98.22	91.1	18.22	90.0	0.988	119.0312	2823.2257
22	stage_1	0	31.04	54.567	54.567	98.22	91.1	18.22	90.0	0.988	119.4454	2942.6783
23	stage_1	0	30.88	54.567	54.567	98.22	91.1	18.22	90.0	0.988	121.0404	3063.7264
24	stage_1	0	31.76	54.567	54.567	98.22	91.1	18.22	90.0	0.988	121.1163	3184.8498
25	stage_1	0	31.57	54.567	54.567	98.22	91.1	18.22	90.0	0.988	117.8039	3302.6616
26	stage_1	0	31.22	54.567	54.567	98.22	91.1	18.22	90.0	0.988	117.7912	3420.4605
27	stage_1	0	30.7	54.567	54.567	98.22	91.1	18.22	90.0	0.988	117.5021	3537.9693
28	stage_1	0	31.11	54.567	54.567	98.22	91.1	18.22	90.0	0.988	117.6672	3655.6450
29	stage_1	0	30.8	54.567	54.567	98.22	91.1	18.22	90.0	0.988	117.7741	3773.4272
30	stage_1	0	30.79	54.567	54.567	98.22	91.1	18.22	90.0	0.988	117.6944	3891.1300
31	stage_1	0	30.53	54.567	54.567	98.22	91.1	18.22	90.0	0.988	119.1412	4010.2794
32	stage_1	0	30.52	54.567	54.567	98.22	91.1	18.22	90.0	0.988	121.4881	4131.7756
33	stage_1	0	30.46	54.567	54.567	98.22	91.1	18.22	90.0	0.988	118.8792	4250.6631
34	stage_1	0	30.06	54.567	54.567	98.22	91.1	18.22	90.0	0.988	117.1482	4367.8198
35	stage_1	0	30.35	54.567	54.567	98.22	91.1	18.22	90.0	0.988	120.5580	4488.3889
36	stage_1	0	30.05	54.567	54.567	98.22	91.1	18.22	90.0	0.988	119.3751	4607.7744
37	stage_1	0	30.22	54.567	54.567	98.22	91.1	18.22	90.0	0.988	118.6421	4726.4246
38	stage_1	0	30.18	54.567	54.567	98.22	91.1	18.22	90.0	0.988	186.3655	4912.7982
39	stage_2	1	31.79	63.223	63.223	88.512	80.853	48.512	70.0	0.993	96.2263	5009.0332
40	stage_2	1	32.28	63.223	63.223	88.512	80.853	48.512	70.0	0.993	95.6473	5104.6884
41	stage_2	1	32.44	63.223	63.223	88.512	80.853	48.512	70.0	0.993	95.1774	5199.8747
42	stage_2	1	31.98	63.223	63.223	88.512	80.853	48.512	70.0	0.993	99.4283	5299.3110
43	stage_2	1	32.3	63.223	63.223	88.512	80.853	48.512	70.0	0.993	98.5212	5397.8407
44	stage_2	1	32.6	63.223	63.223	88.512	80.853	48.512	70.0	0.993	96.9517	5494.8009
45	stage_2	1	32.24	63.223	63.223	88.512	80.853	48.512	70.0	0.993	98.2669	5593.0759
46	stage_2	1	32.46	63.223	63.223	88.512	80.853	48.512	70.0	0.993	95.6454	5688.7298
47	stage_2	1	32.22	63.223	63.223	88.512	80.853	48.512	70.0	0.993	98.6348	5787.3728
48	stage_2	1	32.27	63.223	63.223	88.512	80.853	48.512	70.0	0.993	95.8392	5883.2205
49	stage_2	1	32.09	63.223	63.223	88.512	80.853	48.512	70.0	0.993	95.4703	5978.6998
50	stage_2	1	32.21	63.223	63.223	88.512	80.853	48.512	70.0	0.993	95.3007	6074.0089
51	stage_2	1	31.68	63.223	63.223	88.512	80.853	48.512	70.0	0.993	95.4773	6169.4947
52	stage_2	1	31.96	63.223	63.223	88.512	80.853	48.512	70.0	0.993	95.8297	6265.3329
53	stage_2	1	32.16	63.223	63.223	88.512	80.853	48.512	70.0	0.993	95.7688	6361.1104
54	stage_2	1	32.23	63.223	63.223	88.512	80.853	48.512	70.0	0.993	97.8963	6459.0152
55	stage_2	1	31.85	63.223	63.223	88.512	80.853	48.512	70.0	0.993	96.3927	6555.4199
56	stage_2	1	32.3	63.223	63.223	88.512	80.853	48.512	70.0	0.993	99.5048	6654.9335
57	stage_2	1	32.05	63.223	63.223	88.512	80.853	48.512	70.0	0.993	166.7203	6821.6625
58	stage_3	2	32.89	68.233	68.233	81.88	77.35	61.88	60.0	0.994	88.9332	6910.6042
59	stage_3	2	33.46	68.233	68.233	81.88	77.35	61.88	60.0	0.994	86.7947	6997.4074
60	stage_3	2	33.44	68.233	68.233	81.88	77.35	61.88	60.0	0.994	88.9951	7086.4119
61	stage_3	2	33.89	68.233	68.233	81.88	77.35	61.88	60.0	0.994	89.6036	7176.0241
62	stage_3	2	33.86	68.233	68.233	81.88	77.35	61.88	60.0	0.994	89.0747	7265.1072
63	stage_3	2	33.58	68.233	68.233	81.88	77.35	61.88	60.0	0.994	87.2624	7352.3781
64	stage_3	2	33.65	68.233	68.233	81.88	77.35	61.88	60.0	0.994	88.4792	7440.8663
65	stage_3	2	33.25	68.233	68.233	81.88	77.35	61.88	60.0	0.994	87.2562	7528.1312
66	stage_3	2	32.98	68.233	68.233	81.88	77.35	61.88	60.0	0.994	86.0787	7614.2225
67	stage_3	2	33.65	68.233	68.233	81.88	77.35	61.88	60.0	0.994	87.8659	7702.0970
68	stage_3	2	33.92	68.233	68.233	81.88	77.35	61.88	60.0	0.994	88.5844	7790.6901
69	stage_3	2	33.88	68.233	68.233	81.88	77.35	61.88	60.0	0.994	87.2788	7877.9788
70	stage_3	2	34.29	68.233	68.233	81.88	77.35	61.88	60.0	0.994	87.0068	7964.9942
71	stage_3	2	34.0	68.233	68.233	81.88	77.35	61.88	60.0	0.994	85.3746	8050.3775
72	stage_3	2	34.12	68.233	68.233	81.88	77.35	61.88	60.0	0.994	87.5771	8137.9632
73	stage_3	2	34.05	68.233	68.233	81.88	77.35	61.88	60.0	0.994	87.1499	8225.1220
74	stage_3	2	34.2	68.233	68.233	81.88	77.35	61.88	60.0	0.994	86.5547	8311.6852
75	stage_3	2	34.1	68.233	68.233	81.88	77.35	61.88	60.0	0.994	85.9267	8397.6204
76	stage_3	2	33.71	68.233	68.233	81.88	77.35	61.88	60.0	0.994	152.2767	8549.9061
77	stage_4	3	35.02	72.972	72.972	72.972	72.972	72.972	50.0	0.995	79.1578	8629.0725
78	stage_4	3	35.49	72.972	72.972	72.972	72.972	72.972	50.0	0.995	78.1383	8707.2193
79	stage_4	3	35.68	72.972	72.972	72.972	72.972	72.972	50.0	0.995	79.4942	8786.7219
80	stage_4	3	35.57	72.972	72.972	72.972	72.972	72.972	50.0	0.995	79.8377	8866.5680
81	stage_4	3	35.7	72.972	72.972	72.972	72.972	72.972	50.0	0.995	78.6907	8945.2672
82	stage_4	3	35.53	72.972	72.972	72.972	72.972	72.972	50.0	0.995	80.8000	9026.0763
83	stage_4	3	35.67	72.972	72.972	72.972	72.972	72.972	50.0	0.995	77.1997	9103.2847
84	stage_4	3	35.78	72.972	72.972	72.972	72.972	72.972	50.0	0.995	79.4291	9182.7225
85	stage_4	3	35.94	72.972	72.972	72.972	72.972	72.972	50.0	0.995	81.2843	9264.0164
86	stage_4	3	35.67	72.972	72.972	72.972	72.972	72.972	50.0	0.995	80.8620	9344.8868
87	stage_4	3	35.73	72.972	72.972	72.972	72.972	72.972	50.0	0.995	79.1358	9424.0312
88	stage_4	3	36.02	72.972	72.972	72.972	72.972	72.972	50.0	0.995	79.3966	9503.4363
89	stage_4	3	35.86	72.972	72.972	72.972	72.972	72.972	50.0	0.995	78.9053	9582.3500
90	stage_4	3	35.88	72.972	72.972	72.972	72.972	72.972	50.0	0.995	79.8264	9662.1849
91	stage_4	3	36.43	72.972	72.972	72.972	72.972	72.972	50.0	0.995	79.7144	9741.9079
92	stage_4	3	36.0	72.972	72.972	72.972	72.972	72.972	50.0	0.995	79.5251	9821.4414
93	stage_4	3	36.18	72.972	72.972	72.972	72.972	72.972	50.0	0.995	78.4089	9899.8585
94	stage_4	3	36.35	72.972	72.972	72.972	72.972	72.972	50.0	0.995	80.2802	9980.1471
95	stage_4	3	35.94	72.972	72.972	72.972	72.972	72.972	50.0	0.995	77.3254	10057.4817
