epoch	phase	stage	acc	stage_pure	clean_precision	clean_recall	noisy_precision	noisy_recall	keep_ratio	avg_teacher_similarity	round_time_sec	total_time_sec
0	warmup	warmup	19.59	None	None	None	None	None	None	None	42.9985	43.0058
1	warmup	warmup	19.77	None	None	None	None	None	None	None	46.0526	89.0680
2	warmup	warmup	32.66	None	None	None	None	None	None	None	46.3067	135.3829
3	warmup	warmup	40.58	None	None	None	None	None	None	None	45.6171	181.0070
4	warmup	warmup	44.89	None	None	None	None	None	None	None	45.4975	226.5120
5	warmup	warmup	51.38	None	None	None	None	None	None	None	45.4357	271.9547
6	warmup	warmup	54.46	None	None	None	None	None	None	None	45.7687	317.7300
7	warmup	warmup	56.28	None	None	None	None	None	None	None	45.5315	363.2683
8	warmup	warmup	57.65	None	None	None	None	None	None	None	45.6907	408.9660
9	warmup	warmup	59.84	None	None	None	None	None	None	None	96.8322	505.8068
10	stage_1	0	50.02	78.591	78.591	78.576	50.009	50.032	69.996	0.988	37.4261	543.2415
11	stage_1	0	52.77	78.591	78.591	78.576	50.009	50.032	69.996	0.988	36.6251	579.8734
12	stage_1	0	53.77	78.591	78.591	78.576	50.009	50.032	69.996	0.988	37.3741	617.2559
13	stage_1	0	56.87	78.591	78.591	78.576	50.009	50.032	69.996	0.988	37.8246	655.0873
14	stage_1	0	57.15	78.591	78.591	78.576	50.009	50.032	69.996	0.988	37.2307	692.3251
15	stage_1	0	59.36	78.591	78.591	78.576	50.009	50.032	69.996	0.988	32.6162	724.9482
16	stage_1	0	60.52	78.591	78.591	78.576	50.009	50.032	69.996	0.988	36.4844	761.4418
17	stage_1	0	60.61	78.591	78.591	78.576	50.009	50.032	69.996	0.988	37.7733	799.2237
18	stage_1	0	61.92	78.591	78.591	78.576	50.009	50.032	69.996	0.988	38.1519	837.3829
19	stage_1	0	62.21	78.591	78.591	78.576	50.009	50.032	69.996	0.988	37.2528	874.6447
20	stage_1	0	61.01	78.591	78.591	78.576	50.009	50.032	69.996	0.988	37.4979	912.1498
21	stage_1	0	61.94	78.591	78.591	78.576	50.009	50.032	69.996	0.988	38.0343	950.1915
22	stage_1	0	63.37	78.591	78.591	78.576	50.009	50.032	69.996	0.988	37.8229	988.0234
23	stage_1	0	62.62	78.591	78.591	78.576	50.009	50.032	69.996	0.988	37.3998	1025.4320
24	stage_1	0	62.67	78.591	78.591	78.576	50.009	50.032	69.996	0.988	37.2718	1062.7125
25	stage_1	0	63.56	78.591	78.591	78.576	50.009	50.032	69.996	0.988	37.1619	1099.8818
26	stage_1	0	64.81	78.591	78.591	78.576	50.009	50.032	69.996	0.988	37.4331	1137.3237
27	stage_1	0	64.89	78.591	78.591	78.576	50.009	50.032	69.996	0.988	37.5095	1174.8407
28	stage_1	0	63.64	78.591	78.591	78.576	50.009	50.032	69.996	0.988	36.3069	1211.1577
29	stage_1	0	65.36	78.591	78.591	78.576	50.009	50.032	69.996	0.988	36.8188	1247.9851
30	stage_1	0	65.07	78.591	78.591	78.576	50.009	50.032	69.996	0.988	36.9330	1284.9253
31	stage_1	0	64.15	78.591	78.591	78.576	50.009	50.032	69.996	0.988	36.7812	1321.7136
32	stage_1	0	64.93	78.591	78.591	78.576	50.009	50.032	69.996	0.988	36.7783	1358.5008
33	stage_1	0	64.71	78.591	78.591	78.576	50.009	50.032	69.996	0.988	37.5359	1396.0436
34	stage_1	0	64.83	78.591	78.591	78.576	50.009	50.032	69.996	0.988	36.8793	1432.9328
35	stage_1	0	66.24	78.591	78.591	78.576	50.009	50.032	69.996	0.988	36.8920	1469.8328
36	stage_1	0	66.41	78.591	78.591	78.576	50.009	50.032	69.996	0.988	36.9293	1506.7715
37	stage_1	0	66.45	78.591	78.591	78.576	50.009	50.032	69.996	0.988	36.6693	1543.4482
38	stage_1	0	65.53	78.591	78.591	78.576	50.009	50.032	69.996	0.988	36.5256	1579.9813
39	stage_1	0	65.74	78.591	78.591	78.576	50.009	50.032	69.996	0.988	36.8578	1616.8476
40	stage_1	0	66.29	78.591	78.591	78.576	50.009	50.032	69.996	0.988	36.0253	1652.8803
41	stage_1	0	65.91	78.591	78.591	78.576	50.009	50.032	69.996	0.988	36.8345	1689.7238
42	stage_1	0	64.99	78.591	78.591	78.576	50.009	50.032	69.996	0.988	36.8091	1726.5405
43	stage_1	0	65.48	78.591	78.591	78.576	50.009	50.032	69.996	0.988	37.8496	1764.3974
44	stage_1	0	65.47	78.591	78.591	78.576	50.009	50.032	69.996	0.988	36.8883	1801.2928
45	stage_1	0	66.14	78.591	78.591	78.576	50.009	50.032	69.996	0.988	36.8438	1838.1454
46	stage_1	0	65.3	78.591	78.591	78.576	50.009	50.032	69.996	0.988	36.7281	1874.8808
47	stage_1	0	66.22	78.591	78.591	78.576	50.009	50.032	69.996	0.988	36.6413	1911.5322
48	stage_1	0	64.73	78.591	78.591	78.576	50.009	50.032	69.996	0.988	37.9336	1949.4737
49	stage_1	0	65.71	78.591	78.591	78.576	50.009	50.032	69.996	0.988	37.5484	1987.0300
50	stage_1	0	64.41	78.591	78.591	78.576	50.009	50.032	69.996	0.988	36.8676	2023.9109
51	stage_1	0	65.03	78.591	78.591	78.576	50.009	50.032	69.996	0.988	36.9821	2060.9007
52	stage_1	0	65.5	78.591	78.591	78.576	50.009	50.032	69.996	0.988	36.5475	2097.4559
53	stage_1	0	65.53	78.591	78.591	78.576	50.009	50.032	69.996	0.988	37.6394	2135.1030
54	stage_1	0	65.61	78.591	78.591	78.576	50.009	50.032	69.996	0.988	36.6454	2171.7578
55	stage_1	0	63.51	78.591	78.591	78.576	50.009	50.032	69.996	0.988	36.9877	2208.7578
56	stage_1	0	64.16	78.591	78.591	78.576	50.009	50.032	69.996	0.988	37.0196	2245.7850
57	stage_1	0	65.09	78.591	78.591	78.576	50.009	50.032	69.996	0.988	36.6637	2282.4561
58	stage_1	0	64.56	78.591	78.591	78.576	50.009	50.032	69.996	0.988	37.2585	2319.7225
59	stage_1	0	64.32	78.591	78.591	78.576	50.009	50.032	69.996	0.988	75.6439	2395.3742
60	stage_2	1	65.59	84.71	84.71	84.694	64.286	64.315	69.996	0.978	23.0363	2418.4196
61	stage_2	1	66.0	84.71	84.71	84.694	64.286	64.315	69.996	0.978	23.4231	2441.8568
62	stage_2	1	66.59	84.71	84.71	84.694	64.286	64.315	69.996	0.978	27.4716	2469.3377
63	stage_2	1	65.98	84.71	84.71	84.694	64.286	64.315	69.996	0.978	37.1561	2506.5015
64	stage_2	1	66.77	84.71	84.71	84.694	64.286	64.315	69.996	0.978	37.2583	2543.7685
65	stage_2	1	66.21	84.71	84.71	84.694	64.286	64.315	69.996	0.978	38.3779	2582.1544
66	stage_2	1	66.53	84.71	84.71	84.694	64.286	64.315	69.996	0.978	37.2180	2619.3814
67	stage_2	1	66.43	84.71	84.71	84.694	64.286	64.315	69.996	0.978	38.6353	2658.0243
68	stage_2	1	66.65	84.71	84.71	84.694	64.286	64.315	69.996	0.978	37.4634	2695.4986
69	stage_2	1	66.08	84.71	84.71	84.694	64.286	64.315	69.996	0.978	37.4723	2732.9792
70	stage_2	1	66.88	84.71	84.71	84.694	64.286	64.315	69.996	0.978	37.0717	2770.0636
71	stage_2	1	66.33	84.71	84.71	84.694	64.286	64.315	69.996	0.978	37.8186	2807.8928
72	stage_2	1	65.62	84.71	84.71	84.694	64.286	64.315	69.996	0.978	37.3975	2845.3009
73	stage_2	1	65.27	84.71	84.71	84.694	64.286	64.315	69.996	0.978	37.9716	2883.2810
74	stage_2	1	65.67	84.71	84.71	84.694	64.286	64.315	69.996	0.978	38.4576	2921.7462
75	stage_2	1	66.23	84.71	84.71	84.694	64.286	64.315	69.996	0.978	37.7323	2959.4922
76	stage_2	1	64.65	84.71	84.71	84.694	64.286	64.315	69.996	0.978	37.4376	2996.9380
77	stage_2	1	65.93	84.71	84.71	84.694	64.286	64.315	69.996	0.978	38.2792	3035.2298
78	stage_2	1	66.22	84.71	84.71	84.694	64.286	64.315	69.996	0.978	37.1342	3072.3717
79	stage_2	1	64.74	84.71	84.71	84.694	64.286	64.315	69.996	0.978	37.6131	3109.9938
80	stage_2	1	66.01	84.71	84.71	84.694	64.286	64.315	69.996	0.978	37.1407	3147.1435
81	stage_2	1	64.07	84.71	84.71	84.694	64.286	64.315	69.996	0.978	36.8717	3184.0243
82	stage_2	1	63.92	84.71	84.71	84.694	64.286	64.315	69.996	0.978	37.7399	3221.7713
83	stage_2	1	64.5	84.71	84.71	84.694	64.286	64.315	69.996	0.978	37.5724	3259.3533
84	stage_2	1	62.47	84.71	84.71	84.694	64.286	64.315	69.996	0.978	38.2913	3297.6528
85	stage_2	1	63.98	84.71	84.71	84.694	64.286	64.315	69.996	0.978	37.9449	3335.6051
86	stage_2	1	63.76	84.71	84.71	84.694	64.286	64.315	69.996	0.978	36.9920	3372.6057
87	stage_2	1	63.43	84.71	84.71	84.694	64.286	64.315	69.996	0.978	37.2640	3409.8795
88	stage_2	1	63.15	84.71	84.71	84.694	64.286	64.315	69.996	0.978	37.3486	3447.2381
89	stage_2	1	63.88	84.71	84.71	84.694	64.286	64.315	69.996	0.978	37.1441	3484.3895
90	stage_2	1	62.95	84.71	84.71	84.694	64.286	64.315	69.996	0.978	37.5980	3521.9965
91	stage_2	1	63.32	84.71	84.71	84.694	64.286	64.315	69.996	0.978	37.4173	3559.4213
92	stage_2	1	62.95	84.71	84.71	84.694	64.286	64.315	69.996	0.978	37.3360	3596.7692
93	stage_2	1	62.26	84.71	84.71	84.694	64.286	64.315	69.996	0.978	37.9517	3634.7287
94	stage_2	1	62.63	84.71	84.71	84.694	64.286	64.315	69.996	0.978	37.4587	3672.1966
95	stage_2	1	60.56	84.71	84.71	84.694	64.286	64.315	69.996	0.978	37.8612	3710.0655
96	stage_2	1	62.0	84.71	84.71	84.694	64.286	64.315	69.996	0.978	38.9262	3749.0045
97	stage_2	1	61.4	84.71	84.71	84.694	64.286	64.315	69.996	0.978	37.3985	3786.4126
98	stage_2	1	61.65	84.71	84.71	84.694	64.286	64.315	69.996	0.978	37.5308	3823.9525
99	stage_2	1	60.7	84.71	84.71	84.694	64.286	64.315	69.996	0.978	37.4805	3861.4459
100	stage_2	1	60.45	84.71	84.71	84.694	64.286	64.315	69.996	0.978	38.1746	3899.6293
101	stage_2	1	62.26	84.71	84.71	84.694	64.286	64.315	69.996	0.978	37.0455	3936.6869
102	stage_2	1	61.72	84.71	84.71	84.694	64.286	64.315	69.996	0.978	37.8209	3974.5159
103	stage_2	1	60.95	84.71	84.71	84.694	64.286	64.315	69.996	0.978	37.7335	4012.2583
104	stage_2	1	60.93	84.71	84.71	84.694	64.286	64.315	69.996	0.978	37.7086	4049.9759
105	stage_2	1	61.36	84.71	84.71	84.694	64.286	64.315	69.996	0.978	37.3351	4087.3199
106	stage_2	1	60.64	84.71	84.71	84.694	64.286	64.315	69.996	0.978	38.0085	4125.3359
107	stage_2	1	60.87	84.71	84.71	84.694	64.286	64.315	69.996	0.978	37.4686	4162.8132
108	stage_2	1	59.12	84.71	84.71	84.694	64.286	64.315	69.996	0.978	37.3964	4200.2186
109	stage_2	1	59.44	84.71	84.71	84.694	64.286	64.315	69.996	0.978	69.2933	4269.5232
110	stage_3	2	62.66	81.695	81.695	81.68	57.252	57.278	69.996	0.986	38.1164	4307.6489
111	stage_3	2	60.26	81.695	81.695	81.68	57.252	57.278	69.996	0.986	38.4765	4346.1330
112	stage_3	2	61.72	81.695	81.695	81.68	57.252	57.278	69.996	0.986	38.4755	4384.6229
113	stage_3	2	61.7	81.695	81.695	81.68	57.252	57.278	69.996	0.986	37.5075	4422.1378
114	stage_3	2	60.91	81.695	81.695	81.68	57.252	57.278	69.996	0.986	37.3950	4459.5470
115	stage_3	2	60.23	81.695	81.695	81.68	57.252	57.278	69.996	0.986	38.4546	4498.0093
116	stage_3	2	59.66	81.695	81.695	81.68	57.252	57.278	69.996	0.986	37.2308	4535.2542
117	stage_3	2	59.12	81.695	81.695	81.68	57.252	57.278	69.996	0.986	37.3141	4572.5774
118	stage_3	2	58.74	81.695	81.695	81.68	57.252	57.278	69.996	0.986	37.7278	4610.3150
119	stage_3	2	58.8	81.695	81.695	81.68	57.252	57.278	69.996	0.986	39.6025	4649.9260
120	stage_3	2	59.22	81.695	81.695	81.68	57.252	57.278	69.996	0.986	37.1673	4687.1043
121	stage_3	2	58.9	81.695	81.695	81.68	57.252	57.278	69.996	0.986	38.7467	4725.8610
122	stage_3	2	58.66	81.695	81.695	81.68	57.252	57.278	69.996	0.986	37.5288	4763.4003
123	stage_3	2	57.82	81.695	81.695	81.68	57.252	57.278	69.996	0.986	38.4768	4801.8863
124	stage_3	2	57.96	81.695	81.695	81.68	57.252	57.278	69.996	0.986	37.7378	4839.6331
125	stage_3	2	57.55	81.695	81.695	81.68	57.252	57.278	69.996	0.986	37.1164	4876.7583
126	stage_3	2	58.87	81.695	81.695	81.68	57.252	57.278	69.996	0.986	39.0412	4915.8127
127	stage_3	2	57.11	81.695	81.695	81.68	57.252	57.278	69.996	0.986	37.6894	4953.5103
128	stage_3	2	57.89	81.695	81.695	81.68	57.252	57.278	69.996	0.986	35.9338	4989.4517
129	stage_3	2	58.31	81.695	81.695	81.68	57.252	57.278	69.996	0.986	37.2420	5026.7012
130	stage_3	2	57.54	81.695	81.695	81.68	57.252	57.278	69.996	0.986	37.7369	5064.4478
131	stage_3	2	57.01	81.695	81.695	81.68	57.252	57.278	69.996	0.986	37.3686	5101.8255
132	stage_3	2	57.84	81.695	81.695	81.68	57.252	57.278	69.996	0.986	37.6986	5139.5357
133	stage_3	2	57.89	81.695	81.695	81.68	57.252	57.278	69.996	0.986	38.8772	5178.4234
134	stage_3	2	57.07	81.695	81.695	81.68	57.252	57.278	69.996	0.986	37.9835	5216.4143
135	stage_3	2	57.67	81.695	81.695	81.68	57.252	57.278	69.996	0.986	37.0709	5253.4936
136	stage_3	2	57.65	81.695	81.695	81.68	57.252	57.278	69.996	0.986	37.0945	5290.5981
137	stage_3	2	56.56	81.695	81.695	81.68	57.252	57.278	69.996	0.986	37.1717	5327.7775
138	stage_3	2	58.09	81.695	81.695	81.68	57.252	57.278	69.996	0.986	38.1605	5365.9521
139	stage_3	2	57.54	81.695	81.695	81.68	57.252	57.278	69.996	0.986	37.6226	5403.5834
140	stage_3	2	56.87	81.695	81.695	81.68	57.252	57.278	69.996	0.986	38.6189	5442.2099
141	stage_3	2	58.08	81.695	81.695	81.68	57.252	57.278	69.996	0.986	37.1333	5479.3520
142	stage_3	2	57.96	81.695	81.695	81.68	57.252	57.278	69.996	0.986	38.7782	5518.1406
143	stage_3	2	57.52	81.695	81.695	81.68	57.252	57.278	69.996	0.986	36.9407	5555.0917
144	stage_3	2	56.63	81.695	81.695	81.68	57.252	57.278	69.996	0.986	38.3650	5593.4677
145	stage_3	2	56.38	81.695	81.695	81.68	57.252	57.278	69.996	0.986	37.6528	5631.1296
146	stage_3	2	57.37	81.695	81.695	81.68	57.252	57.278	69.996	0.986	38.4467	5669.5859
147	stage_3	2	56.98	81.695	81.695	81.68	57.252	57.278	69.996	0.986	37.5258	5707.1256
148	stage_3	2	58.01	81.695	81.695	81.68	57.252	57.278	69.996	0.986	37.6382	5744.7728
149	stage_3	2	56.83	81.695	81.695	81.68	57.252	57.278	69.996	0.986	38.0365	5782.8244
150	stage_3	2	57.34	81.695	81.695	81.68	57.252	57.278	69.996	0.986	37.5571	5820.3913
151	stage_3	2	57.61	81.695	81.695	81.68	57.252	57.278	69.996	0.986	38.1817	5858.5840
152	stage_3	2	57.39	81.695	81.695	81.68	57.252	57.278	69.996	0.986	37.3078	5895.9024
153	stage_3	2	57.84	81.695	81.695	81.68	57.252	57.278	69.996	0.986	37.1344	5933.0441
154	stage_3	2	56.81	81.695	81.695	81.68	57.252	57.278	69.996	0.986	37.5525	5970.6046
155	stage_3	2	56.89	81.695	81.695	81.68	57.252	57.278	69.996	0.986	37.2553	6007.8690
156	stage_3	2	57.62	81.695	81.695	81.68	57.252	57.278	69.996	0.986	37.5327	6045.4101
157	stage_3	2	57.56	81.695	81.695	81.68	57.252	57.278	69.996	0.986	37.6612	6083.0798
158	stage_3	2	57.01	81.695	81.695	81.68	57.252	57.278	69.996	0.986	36.9999	6120.0918
159	stage_3	2	57.18	81.695	81.695	81.68	57.252	57.278	69.996	0.986	58.5881	6178.6889
160	stage_4	3	57.9	81.052	81.052	81.036	55.751	55.776	69.996	0.991	35.6307	6214.3312
161	stage_4	3	56.2	81.052	81.052	81.036	55.751	55.776	69.996	0.991	38.4131	6252.7540
162	stage_4	3	56.45	81.052	81.052	81.036	55.751	55.776	69.996	0.991	37.2831	6290.0452
163	stage_4	3	55.71	81.052	81.052	81.036	55.751	55.776	69.996	0.991	36.8522	6326.9047
164	stage_4	3	55.07	81.052	81.052	81.036	55.751	55.776	69.996	0.991	37.6057	6364.5182
165	stage_4	3	54.81	81.052	81.052	81.036	55.751	55.776	69.996	0.991	38.3941	6402.9197
166	stage_4	3	55.45	81.052	81.052	81.036	55.751	55.776	69.996	0.991	38.5517	6441.4807
167	stage_4	3	55.05	81.052	81.052	81.036	55.751	55.776	69.996	0.991	38.4227	6479.9126
168	stage_4	3	56.28	81.052	81.052	81.036	55.751	55.776	69.996	0.991	37.3383	6517.2608
169	stage_4	3	55.51	81.052	81.052	81.036	55.751	55.776	69.996	0.991	37.3529	6554.6207
170	stage_4	3	56.11	81.052	81.052	81.036	55.751	55.776	69.996	0.991	37.7543	6592.3859
171	stage_4	3	55.23	81.052	81.052	81.036	55.751	55.776	69.996	0.991	37.1314	6629.5245
172	stage_4	3	55.32	81.052	81.052	81.036	55.751	55.776	69.996	0.991	33.0851	6662.6168
173	stage_4	3	55.04	81.052	81.052	81.036	55.751	55.776	69.996	0.991	25.1846	6687.8085
174	stage_4	3	54.82	81.052	81.052	81.036	55.751	55.776	69.996	0.991	24.6168	6712.4332
175	stage_4	3	56.06	81.052	81.052	81.036	55.751	55.776	69.996	0.991	27.7936	6740.2346
176	stage_4	3	55.98	81.052	81.052	81.036	55.751	55.776	69.996	0.991	37.7172	6777.9600
177	stage_4	3	55.59	81.052	81.052	81.036	55.751	55.776	69.996	0.991	37.0609	6815.0284
178	stage_4	3	56.03	81.052	81.052	81.036	55.751	55.776	69.996	0.991	35.0843	6850.1307
179	stage_4	3	56.14	81.052	81.052	81.036	55.751	55.776	69.996	0.991	34.7834	6884.9214
180	stage_4	3	56.35	81.052	81.052	81.036	55.751	55.776	69.996	0.991	37.0241	6921.9539
181	stage_4	3	56.86	81.052	81.052	81.036	55.751	55.776	69.996	0.991	37.8151	6959.7811
182	stage_4	3	56.35	81.052	81.052	81.036	55.751	55.776	69.996	0.991	35.8443	6995.6329
183	stage_4	3	56.54	81.052	81.052	81.036	55.751	55.776	69.996	0.991	38.0817	7033.7243
184	stage_4	3	55.74	81.052	81.052	81.036	55.751	55.776	69.996	0.991	37.1337	7070.8708
185	stage_4	3	55.9	81.052	81.052	81.036	55.751	55.776	69.996	0.991	37.1224	7108.0067
186	stage_4	3	55.31	81.052	81.052	81.036	55.751	55.776	69.996	0.991	37.1307	7145.1456
187	stage_4	3	55.68	81.052	81.052	81.036	55.751	55.776	69.996	0.991	36.0489	7181.2049
188	stage_4	3	56.21	81.052	81.052	81.036	55.751	55.776	69.996	0.991	36.3953	7217.6076
189	stage_4	3	56.14	81.052	81.052	81.036	55.751	55.776	69.996	0.991	36.2565	7253.8781
190	stage_4	3	55.9	81.052	81.052	81.036	55.751	55.776	69.996	0.991	38.6406	7292.5263
191	stage_4	3	56.85	81.052	81.052	81.036	55.751	55.776	69.996	0.991	38.0272	7330.5623
192	stage_4	3	56.9	81.052	81.052	81.036	55.751	55.776	69.996	0.991	37.4306	7368.0013
193	stage_4	3	56.44	81.052	81.052	81.036	55.751	55.776	69.996	0.991	37.3077	7405.3203
194	stage_4	3	57.45	81.052	81.052	81.036	55.751	55.776	69.996	0.991	36.8835	7442.2202
195	stage_4	3	56.82	81.052	81.052	81.036	55.751	55.776	69.996	0.991	35.8661	7478.0945
196	stage_4	3	57.12	81.052	81.052	81.036	55.751	55.776	69.996	0.991	37.1181	7515.2204
197	stage_4	3	56.4	81.052	81.052	81.036	55.751	55.776	69.996	0.991	36.9306	7552.1611
198	stage_4	3	56.81	81.052	81.052	81.036	55.751	55.776	69.996	0.991	41.8950	7594.0645
199	stage_4	3	57.23	81.052	81.052	81.036	55.751	55.776	69.996	0.991	43.8772	7637.9520
200	stage_4	3	56.48	81.052	81.052	81.036	55.751	55.776	69.996	0.991	42.0538	7680.0150
201	stage_4	3	57.05	81.052	81.052	81.036	55.751	55.776	69.996	0.991	43.5880	7723.6149
202	stage_4	3	56.83	81.052	81.052	81.036	55.751	55.776	69.996	0.991	43.3539	7766.9778
203	stage_4	3	56.72	81.052	81.052	81.036	55.751	55.776	69.996	0.991	44.6349	7811.6234
204	stage_4	3	57.08	81.052	81.052	81.036	55.751	55.776	69.996	0.991	44.4785	7856.1113
205	stage_4	3	57.24	81.052	81.052	81.036	55.751	55.776	69.996	0.991	41.9827	7898.1046
206	stage_4	3	58.04	81.052	81.052	81.036	55.751	55.776	69.996	0.991	45.7321	7943.8442
207	stage_4	3	57.97	81.052	81.052	81.036	55.751	55.776	69.996	0.991	44.7668	7988.6196
208	stage_4	3	57.46	81.052	81.052	81.036	55.751	55.776	69.996	0.991	42.4333	8031.0605
209	stage_4	3	58.59	81.052	81.052	81.036	55.751	55.776	69.996	0.991	44.6511	8075.7208
