epoch	phase	stage	acc	stage_pure	clean_precision	clean_recall	noisy_precision	noisy_recall	keep_ratio	avg_teacher_similarity	round_time_sec	total_time_sec
0	warmup	warmup	11.35	None	None	None	None	None	None	None	48.8102	48.8643
1	warmup	warmup	57.0	None	None	None	None	None	None	None	47.6797	96.5833
2	warmup	warmup	91.34	None	None	None	None	None	None	None	47.3812	143.9756
3	warmup	warmup	95.75	None	None	None	None	None	None	None	46.9454	190.9385
4	warmup	warmup	97.03	None	None	None	None	None	None	None	47.9192	238.9140
5	warmup	warmup	97.59	None	None	None	None	None	None	None	47.6919	286.6240
6	warmup	warmup	97.99	None	None	None	None	None	None	None	46.4688	333.1404
7	warmup	warmup	98.07	None	None	None	None	None	None	None	110.9788	444.1702
8	stage_1	0	93.24	98.911	98.911	84.781	73.367	97.822	60.0	0.987	34.4098	478.6030
9	stage_1	0	96.32	98.911	98.911	84.781	73.367	97.822	60.0	0.987	37.1833	515.7995
10	stage_1	0	97.46	98.911	98.911	84.781	73.367	97.822	60.0	0.987	39.0271	554.8556
11	stage_1	0	97.99	98.911	98.911	84.781	73.367	97.822	60.0	0.987	37.9186	592.8147
12	stage_1	0	98.2	98.911	98.911	84.781	73.367	97.822	60.0	0.987	36.6666	629.4987
13	stage_1	0	98.3	98.911	98.911	84.781	73.367	97.822	60.0	0.987	36.3831	665.9019
14	stage_1	0	98.36	98.911	98.911	84.781	73.367	97.822	60.0	0.987	37.9307	703.8854
15	stage_1	0	98.49	98.911	98.911	84.781	73.367	97.822	60.0	0.987	37.9342	741.8717
16	stage_1	0	98.51	98.911	98.911	84.781	73.367	97.822	60.0	0.987	36.4999	778.4066
17	stage_1	0	98.5	98.911	98.911	84.781	73.367	97.822	60.0	0.987	37.0199	815.4660
18	stage_1	0	98.52	98.911	98.911	84.781	73.367	97.822	60.0	0.987	31.2987	846.7768
19	stage_1	0	98.44	98.911	98.911	84.781	73.367	97.822	60.0	0.987	35.3103	882.1043
20	stage_1	0	98.57	98.911	98.911	84.781	73.367	97.822	60.0	0.987	35.6672	917.7937
21	stage_1	0	98.61	98.911	98.911	84.781	73.367	97.822	60.0	0.987	36.6612	954.4957
22	stage_1	0	98.68	98.911	98.911	84.781	73.367	97.822	60.0	0.987	35.9545	990.4610
23	stage_1	0	98.6	98.911	98.911	84.781	73.367	97.822	60.0	0.987	37.7901	1028.2821
24	stage_1	0	98.67	98.911	98.911	84.781	73.367	97.822	60.0	0.987	40.0056	1068.3942
25	stage_1	0	98.65	98.911	98.911	84.781	73.367	97.822	60.0	0.987	43.4012	1111.8168
26	stage_1	0	98.66	98.911	98.911	84.781	73.367	97.822	60.0	0.987	39.9564	1151.8105
27	stage_1	0	98.61	98.911	98.911	84.781	73.367	97.822	60.0	0.987	40.0691	1191.8987
28	stage_1	0	98.69	98.911	98.911	84.781	73.367	97.822	60.0	0.987	37.7795	1229.7019
29	stage_1	0	98.63	98.911	98.911	84.781	73.367	97.822	60.0	0.987	90.4830	1320.1985
30	stage_2	1	98.73	99.975	99.975	85.693	74.963	99.95	60.0	0.989	39.0499	1359.2760
31	stage_2	1	98.86	99.975	99.975	85.693	74.963	99.95	60.0	0.989	38.0065	1397.3123
32	stage_2	1	98.9	99.975	99.975	85.693	74.963	99.95	60.0	0.989	37.3209	1434.6608
33	stage_2	1	98.95	99.975	99.975	85.693	74.963	99.95	60.0	0.989	38.0429	1472.7117
34	stage_2	1	98.99	99.975	99.975	85.693	74.963	99.95	60.0	0.989	39.5849	1512.3802
35	stage_2	1	99.04	99.975	99.975	85.693	74.963	99.95	60.0	0.989	37.8497	1550.2587
36	stage_2	1	98.95	99.975	99.975	85.693	74.963	99.95	60.0	0.989	38.9148	1589.1966
37	stage_2	1	99.01	99.975	99.975	85.693	74.963	99.95	60.0	0.989	38.0336	1627.2697
38	stage_2	1	99.02	99.975	99.975	85.693	74.963	99.95	60.0	0.989	37.2898	1664.5904
39	stage_2	1	98.97	99.975	99.975	85.693	74.963	99.95	60.0	0.989	37.5018	1702.1161
40	stage_2	1	99.01	99.975	99.975	85.693	74.963	99.95	60.0	0.989	41.1180	1743.2648
41	stage_2	1	99.0	99.975	99.975	85.693	74.963	99.95	60.0	0.989	37.9132	1781.1997
42	stage_2	1	99.01	99.975	99.975	85.693	74.963	99.95	60.0	0.989	38.4565	1819.7012
43	stage_2	1	99.0	99.975	99.975	85.693	74.963	99.95	60.0	0.989	40.4879	1860.1973
44	stage_2	1	99.02	99.975	99.975	85.693	74.963	99.95	60.0	0.989	37.2469	1897.4651
45	stage_2	1	99.01	99.975	99.975	85.693	74.963	99.95	60.0	0.989	38.0707	1935.5432
46	stage_2	1	98.99	99.975	99.975	85.693	74.963	99.95	60.0	0.989	37.9644	1973.5363
47	stage_2	1	99.05	99.975	99.975	85.693	74.963	99.95	60.0	0.989	38.4306	2011.9998
48	stage_2	1	99.0	99.975	99.975	85.693	74.963	99.95	60.0	0.989	37.7706	2049.7948
49	stage_2	1	98.97	99.975	99.975	85.693	74.963	99.95	60.0	0.989	37.7849	2087.5996
50	stage_2	1	99.05	99.975	99.975	85.693	74.963	99.95	60.0	0.989	38.7864	2126.4187
51	stage_2	1	99.05	99.975	99.975	85.693	74.963	99.95	60.0	0.989	77.0407	2203.4948
52	stage_3	2	99.07	99.975	99.975	85.693	74.963	99.95	60.0	0.995	38.0300	2241.5661
53	stage_3	2	99.06	99.975	99.975	85.693	74.963	99.95	60.0	0.995	38.6066	2280.1959
54	stage_3	2	99.04	99.975	99.975	85.693	74.963	99.95	60.0	0.995	42.5248	2322.7590
55	stage_3	2	99.11	99.975	99.975	85.693	74.963	99.95	60.0	0.995	38.8656	2361.6497
56	stage_3	2	99.09	99.975	99.975	85.693	74.963	99.95	60.0	0.995	38.9974	2400.6745
57	stage_3	2	99.17	99.975	99.975	85.693	74.963	99.95	60.0	0.995	37.8776	2438.5835
58	stage_3	2	99.13	99.975	99.975	85.693	74.963	99.95	60.0	0.995	38.1530	2476.7973
59	stage_3	2	99.12	99.975	99.975	85.693	74.963	99.95	60.0	0.995	37.3380	2514.1692
60	stage_3	2	99.13	99.975	99.975	85.693	74.963	99.95	60.0	0.995	37.7717	2551.9714
61	stage_3	2	99.12	99.975	99.975	85.693	74.963	99.95	60.0	0.995	37.6218	2589.6252
62	stage_3	2	99.11	99.975	99.975	85.693	74.963	99.95	60.0	0.995	39.8958	2629.5360
63	stage_3	2	99.03	99.975	99.975	85.693	74.963	99.95	60.0	0.995	40.0270	2669.5887
64	stage_3	2	99.11	99.975	99.975	85.693	74.963	99.95	60.0	0.995	39.7580	2709.3551
65	stage_3	2	99.13	99.975	99.975	85.693	74.963	99.95	60.0	0.995	37.5268	2746.9510
66	stage_3	2	99.15	99.975	99.975	85.693	74.963	99.95	60.0	0.995	37.4295	2784.3965
67	stage_3	2	99.15	99.975	99.975	85.693	74.963	99.95	60.0	0.995	37.4989	2821.9323
68	stage_3	2	99.11	99.975	99.975	85.693	74.963	99.95	60.0	0.995	32.4214	2854.3613
69	stage_3	2	99.09	99.975	99.975	85.693	74.963	99.95	60.0	0.995	37.0082	2891.3848
70	stage_3	2	98.97	99.975	99.975	85.693	74.963	99.95	60.0	0.995	37.6949	2929.0956
71	stage_3	2	99.06	99.975	99.975	85.693	74.963	99.95	60.0	0.995	37.8571	2966.9840
72	stage_3	2	99.06	99.975	99.975	85.693	74.963	99.95	60.0	0.995	38.0237	3005.0569
73	stage_3	2	99.17	99.975	99.975	85.693	74.963	99.95	60.0	0.995	64.8367	3069.9105
74	stage_4	3	99.05	99.978	99.978	85.695	74.967	99.956	60.0	0.996	39.0894	3109.0436
75	stage_4	3	99.11	99.978	99.978	85.695	74.967	99.956	60.0	0.996	37.1455	3146.2146
76	stage_4	3	99.11	99.978	99.978	85.695	74.967	99.956	60.0	0.996	37.2285	3183.4827
77	stage_4	3	99.13	99.978	99.978	85.695	74.967	99.956	60.0	0.996	38.7941	3222.2972
78	stage_4	3	99.09	99.978	99.978	85.695	74.967	99.956	60.0	0.996	37.0711	3259.3913
79	stage_4	3	99.13	99.978	99.978	85.695	74.967	99.956	60.0	0.996	38.0060	3297.4602
80	stage_4	3	99.15	99.978	99.978	85.695	74.967	99.956	60.0	0.996	38.0415	3335.5263
81	stage_4	3	99.16	99.978	99.978	85.695	74.967	99.956	60.0	0.996	38.0233	3373.5775
82	stage_4	3	99.15	99.978	99.978	85.695	74.967	99.956	60.0	0.996	37.6007	3411.2377
83	stage_4	3	99.13	99.978	99.978	85.695	74.967	99.956	60.0	0.996	38.4228	3449.6940
84	stage_4	3	99.03	99.978	99.978	85.695	74.967	99.956	60.0	0.996	38.3899	3488.1136
85	stage_4	3	99.16	99.978	99.978	85.695	74.967	99.956	60.0	0.996	37.6869	3525.8265
86	stage_4	3	99.1	99.978	99.978	85.695	74.967	99.956	60.0	0.996	36.1447	3562.0118
87	stage_4	3	99.09	99.978	99.978	85.695	74.967	99.956	60.0	0.996	38.4648	3600.5099
88	stage_4	3	99.17	99.978	99.978	85.695	74.967	99.956	60.0	0.996	37.6069	3638.1290
89	stage_4	3	99.14	99.978	99.978	85.695	74.967	99.956	60.0	0.996	38.1869	3676.3447
90	stage_4	3	99.22	99.978	99.978	85.695	74.967	99.956	60.0	0.996	38.0647	3714.4398
91	stage_4	3	99.05	99.978	99.978	85.695	74.967	99.956	60.0	0.996	38.7684	3753.2266
92	stage_4	3	99.14	99.978	99.978	85.695	74.967	99.956	60.0	0.996	38.4748	3791.7289
93	stage_4	3	99.15	99.978	99.978	85.695	74.967	99.956	60.0	0.996	37.4901	3829.2692
94	stage_4	3	99.15	99.978	99.978	85.695	74.967	99.956	60.0	0.996	38.1785	3867.4688
95	stage_4	3	99.16	99.978	99.978	85.695	74.967	99.956	60.0	0.996	38.8082	3906.3299
