epoch	phase	stage	acc	stage_pure	clean_precision	clean_recall	noisy_precision	noisy_recall	keep_ratio	avg_teacher_similarity	round_time_sec	total_time_sec
0	warmup	warmup	1.0	None	None	None	None	None	None	None	52.6813	52.6887
1	warmup	warmup	1.0	None	None	None	None	None	None	None	49.9750	102.6766
2	warmup	warmup	2.81	None	None	None	None	None	None	None	51.0372	153.7225
3	warmup	warmup	4.48	None	None	None	None	None	None	None	49.8299	203.5590
4	warmup	warmup	4.42	None	None	None	None	None	None	None	49.9933	253.5596
5	warmup	warmup	4.85	None	None	None	None	None	None	None	49.9930	303.5616
6	warmup	warmup	5.21	None	None	None	None	None	None	None	49.1036	352.6722
7	warmup	warmup	5.35	None	None	None	None	None	None	None	50.7044	403.3844
8	warmup	warmup	5.7	None	None	None	None	None	None	None	49.0464	452.4374
9	warmup	warmup	5.89	None	None	None	None	None	None	None	192.2707	644.7147
10	stage_1	0	12.18	76.407	76.407	92.78	66.307	33.153	85.0	0.968	47.1215	691.8451
11	stage_1	0	14.45	76.407	76.407	92.78	66.307	33.153	85.0	0.968	44.3066	736.1587
12	stage_1	0	16.54	76.407	76.407	92.78	66.307	33.153	85.0	0.968	46.5023	782.6683
13	stage_1	0	16.98	76.407	76.407	92.78	66.307	33.153	85.0	0.968	46.0223	828.6973
14	stage_1	0	17.63	76.407	76.407	92.78	66.307	33.153	85.0	0.968	46.2761	874.9814
15	stage_1	0	18.94	76.407	76.407	92.78	66.307	33.153	85.0	0.968	43.9151	918.9059
16	stage_1	0	19.53	76.407	76.407	92.78	66.307	33.153	85.0	0.968	46.5635	965.4787
17	stage_1	0	20.44	76.407	76.407	92.78	66.307	33.153	85.0	0.968	44.3737	1009.8595
18	stage_1	0	20.91	76.407	76.407	92.78	66.307	33.153	85.0	0.968	46.2614	1056.1315
19	stage_1	0	21.68	76.407	76.407	92.78	66.307	33.153	85.0	0.968	45.4375	1101.5761
20	stage_1	0	22.56	76.407	76.407	92.78	66.307	33.153	85.0	0.968	46.4926	1148.0787
21	stage_1	0	22.8	76.407	76.407	92.78	66.307	33.153	85.0	0.968	44.7854	1192.8710
22	stage_1	0	23.72	76.407	76.407	92.78	66.307	33.153	85.0	0.968	46.3172	1239.1951
23	stage_1	0	24.06	76.407	76.407	92.78	66.307	33.153	85.0	0.968	44.5940	1283.7986
24	stage_1	0	24.31	76.407	76.407	92.78	66.307	33.153	85.0	0.968	47.1472	1330.9529
25	stage_1	0	25.07	76.407	76.407	92.78	66.307	33.153	85.0	0.968	45.0295	1375.9916
26	stage_1	0	25.48	76.407	76.407	92.78	66.307	33.153	85.0	0.968	46.1938	1422.1928
27	stage_1	0	26.84	76.407	76.407	92.78	66.307	33.153	85.0	0.968	44.7739	1466.9755
28	stage_1	0	26.72	76.407	76.407	92.78	66.307	33.153	85.0	0.968	46.4171	1513.4012
29	stage_1	0	27.6	76.407	76.407	92.78	66.307	33.153	85.0	0.968	44.7753	1558.1838
30	stage_1	0	27.99	76.407	76.407	92.78	66.307	33.153	85.0	0.968	46.5026	1604.6934
31	stage_1	0	28.82	76.407	76.407	92.78	66.307	33.153	85.0	0.968	45.0429	1649.7434
32	stage_1	0	28.96	76.407	76.407	92.78	66.307	33.153	85.0	0.968	46.1960	1695.9463
33	stage_1	0	29.56	76.407	76.407	92.78	66.307	33.153	85.0	0.968	44.9078	1740.8628
34	stage_1	0	30.48	76.407	76.407	92.78	66.307	33.153	85.0	0.968	46.1509	1787.0207
35	stage_1	0	30.54	76.407	76.407	92.78	66.307	33.153	85.0	0.968	45.0040	1832.0329
36	stage_1	0	31.56	76.407	76.407	92.78	66.307	33.153	85.0	0.968	44.9494	1876.9894
37	stage_1	0	31.29	76.407	76.407	92.78	66.307	33.153	85.0	0.968	45.2996	1922.2980
38	stage_1	0	32.5	76.407	76.407	92.78	66.307	33.153	85.0	0.968	47.3522	1969.6589
39	stage_1	0	31.98	76.407	76.407	92.78	66.307	33.153	85.0	0.968	44.4213	2014.0878
40	stage_1	0	32.68	76.407	76.407	92.78	66.307	33.153	85.0	0.968	46.0413	2060.1376
41	stage_1	0	33.63	76.407	76.407	92.78	66.307	33.153	85.0	0.968	44.9447	2105.0915
42	stage_1	0	33.47	76.407	76.407	92.78	66.307	33.153	85.0	0.968	45.5299	2150.6287
43	stage_1	0	33.86	76.407	76.407	92.78	66.307	33.153	85.0	0.968	45.5739	2196.2113
44	stage_1	0	34.57	76.407	76.407	92.78	66.307	33.153	85.0	0.968	46.9152	2243.1338
45	stage_1	0	34.58	76.407	76.407	92.78	66.307	33.153	85.0	0.968	44.7974	2287.9398
46	stage_1	0	34.87	76.407	76.407	92.78	66.307	33.153	85.0	0.968	46.4749	2334.4219
47	stage_1	0	35.33	76.407	76.407	92.78	66.307	33.153	85.0	0.968	45.0010	2379.4301
48	stage_1	0	35.76	76.407	76.407	92.78	66.307	33.153	85.0	0.968	46.3787	2425.8168
49	stage_1	0	36.36	76.407	76.407	92.78	66.307	33.153	85.0	0.968	45.9963	2471.8226
50	stage_1	0	36.46	76.407	76.407	92.78	66.307	33.153	85.0	0.968	45.1545	2516.9863
51	stage_1	0	37.41	76.407	76.407	92.78	66.307	33.153	85.0	0.968	45.6431	2562.6367
52	stage_1	0	36.82	76.407	76.407	92.78	66.307	33.153	85.0	0.968	46.2086	2608.8532
53	stage_1	0	37.83	76.407	76.407	92.78	66.307	33.153	85.0	0.968	46.1061	2654.9683
54	stage_1	0	38.11	76.407	76.407	92.78	66.307	33.153	85.0	0.968	44.5665	2699.5451
55	stage_1	0	38.2	76.407	76.407	92.78	66.307	33.153	85.0	0.968	47.1030	2746.6588
56	stage_1	0	38.55	76.407	76.407	92.78	66.307	33.153	85.0	0.968	44.8753	2791.5418
57	stage_1	0	39.15	76.407	76.407	92.78	66.307	33.153	85.0	0.968	46.2071	2837.7576
58	stage_1	0	38.96	76.407	76.407	92.78	66.307	33.153	85.0	0.968	45.0514	2882.8190
59	stage_1	0	39.44	76.407	76.407	92.78	66.307	33.153	85.0	0.968	186.4081	3069.2362
60	stage_2	1	39.93	80.522	80.522	97.777	89.627	44.813	85.0	0.99	45.8398	3115.0850
61	stage_2	1	40.06	80.522	80.522	97.777	89.627	44.813	85.0	0.99	36.8167	3151.9090
62	stage_2	1	41.5	80.522	80.522	97.777	89.627	44.813	85.0	0.99	37.6177	3189.5357
63	stage_2	1	41.6	80.522	80.522	97.777	89.627	44.813	85.0	0.99	41.0780	3230.6219
64	stage_2	1	41.57	80.522	80.522	97.777	89.627	44.813	85.0	0.99	47.0529	3277.6830
65	stage_2	1	41.72	80.522	80.522	97.777	89.627	44.813	85.0	0.99	44.4332	3322.1241
66	stage_2	1	42.08	80.522	80.522	97.777	89.627	44.813	85.0	0.99	46.2889	3368.4205
67	stage_2	1	42.3	80.522	80.522	97.777	89.627	44.813	85.0	0.99	44.8521	3413.2804
68	stage_2	1	42.95	80.522	80.522	97.777	89.627	44.813	85.0	0.99	46.6458	3459.9357
69	stage_2	1	42.95	80.522	80.522	97.777	89.627	44.813	85.0	0.99	44.6137	3504.5580
70	stage_2	1	43.36	80.522	80.522	97.777	89.627	44.813	85.0	0.99	47.1470	3551.7168
71	stage_2	1	44.26	80.522	80.522	97.777	89.627	44.813	85.0	0.99	44.7773	3596.5018
72	stage_2	1	44.32	80.522	80.522	97.777	89.627	44.813	85.0	0.99	47.3688	3643.8784
73	stage_2	1	44.26	80.522	80.522	97.777	89.627	44.813	85.0	0.99	44.9544	3688.8413
74	stage_2	1	44.51	80.522	80.522	97.777	89.627	44.813	85.0	0.99	47.8360	3736.6864
75	stage_2	1	45.29	80.522	80.522	97.777	89.627	44.813	85.0	0.99	44.6791	3781.3739
76	stage_2	1	45.61	80.522	80.522	97.777	89.627	44.813	85.0	0.99	46.6452	3828.0266
77	stage_2	1	45.72	80.522	80.522	97.777	89.627	44.813	85.0	0.99	45.0057	3873.0414
78	stage_2	1	46.09	80.522	80.522	97.777	89.627	44.813	85.0	0.99	48.1101	3921.1596
79	stage_2	1	46.0	80.522	80.522	97.777	89.627	44.813	85.0	0.99	44.6026	3965.7710
80	stage_2	1	46.3	80.522	80.522	97.777	89.627	44.813	85.0	0.99	47.0625	4012.8413
81	stage_2	1	46.54	80.522	80.522	97.777	89.627	44.813	85.0	0.99	44.5318	4057.3805
82	stage_2	1	46.79	80.522	80.522	97.777	89.627	44.813	85.0	0.99	48.0674	4105.4562
83	stage_2	1	47.03	80.522	80.522	97.777	89.627	44.813	85.0	0.99	44.9591	4150.4264
84	stage_2	1	47.53	80.522	80.522	97.777	89.627	44.813	85.0	0.99	46.7300	4197.1655
85	stage_2	1	47.63	80.522	80.522	97.777	89.627	44.813	85.0	0.99	44.7550	4241.9290
86	stage_2	1	47.53	80.522	80.522	97.777	89.627	44.813	85.0	0.99	47.0210	4288.9575
87	stage_2	1	47.66	80.522	80.522	97.777	89.627	44.813	85.0	0.99	44.5044	4333.4703
88	stage_2	1	47.99	80.522	80.522	97.777	89.627	44.813	85.0	0.99	46.3653	4379.8447
89	stage_2	1	48.42	80.522	80.522	97.777	89.627	44.813	85.0	0.99	45.0915	4424.9452
90	stage_2	1	48.38	80.522	80.522	97.777	89.627	44.813	85.0	0.99	46.7608	4471.7135
91	stage_2	1	48.41	80.522	80.522	97.777	89.627	44.813	85.0	0.99	44.6639	4516.3866
92	stage_2	1	48.6	80.522	80.522	97.777	89.627	44.813	85.0	0.99	47.1123	4563.5071
93	stage_2	1	49.19	80.522	80.522	97.777	89.627	44.813	85.0	0.99	44.5526	4608.0676
94	stage_2	1	48.96	80.522	80.522	97.777	89.627	44.813	85.0	0.99	46.6332	4654.7099
95	stage_2	1	49.04	80.522	80.522	97.777	89.627	44.813	85.0	0.99	45.9207	4700.6387
96	stage_2	1	48.79	80.522	80.522	97.777	89.627	44.813	85.0	0.99	46.6697	4747.3172
97	stage_2	1	49.21	80.522	80.522	97.777	89.627	44.813	85.0	0.99	44.8723	4792.2029
98	stage_2	1	49.35	80.522	80.522	97.777	89.627	44.813	85.0	0.99	46.9374	4839.1477
99	stage_2	1	49.32	80.522	80.522	97.777	89.627	44.813	85.0	0.99	44.3475	4883.5033
100	stage_2	1	49.36	80.522	80.522	97.777	89.627	44.813	85.0	0.99	46.9690	4930.4866
101	stage_2	1	50.02	80.522	80.522	97.777	89.627	44.813	85.0	0.99	45.1648	4975.6591
102	stage_2	1	49.84	80.522	80.522	97.777	89.627	44.813	85.0	0.99	46.6209	5022.2880
103	stage_2	1	50.32	80.522	80.522	97.777	89.627	44.813	85.0	0.99	44.6637	5066.9589
104	stage_2	1	50.05	80.522	80.522	97.777	89.627	44.813	85.0	0.99	46.8925	5113.8590
105	stage_2	1	50.24	80.522	80.522	97.777	89.627	44.813	85.0	0.99	44.7129	5158.5812
106	stage_2	1	50.83	80.522	80.522	97.777	89.627	44.813	85.0	0.99	46.4178	5205.0065
107	stage_2	1	50.67	80.522	80.522	97.777	89.627	44.813	85.0	0.99	45.1992	5250.2149
108	stage_2	1	50.77	80.522	80.522	97.777	89.627	44.813	85.0	0.99	46.3672	5296.5895
109	stage_2	1	50.83	80.522	80.522	97.777	89.627	44.813	85.0	0.99	181.9692	5478.5670
110	stage_3	2	50.91	81.355	81.355	98.789	94.347	47.173	85.0	0.991	46.6943	5525.2710
111	stage_3	2	51.58	81.355	81.355	98.789	94.347	47.173	85.0	0.991	44.1760	5569.4560
112	stage_3	2	51.45	81.355	81.355	98.789	94.347	47.173	85.0	0.991	46.9822	5616.4460
113	stage_3	2	51.65	81.355	81.355	98.789	94.347	47.173	85.0	0.991	44.1315	5660.5851
114	stage_3	2	51.58	81.355	81.355	98.789	94.347	47.173	85.0	0.991	47.0785	5707.6708
115	stage_3	2	52.04	81.355	81.355	98.789	94.347	47.173	85.0	0.991	44.3219	5752.0008
116	stage_3	2	51.7	81.355	81.355	98.789	94.347	47.173	85.0	0.991	46.9108	5798.9194
117	stage_3	2	52.31	81.355	81.355	98.789	94.347	47.173	85.0	0.991	44.3605	5843.2894
118	stage_3	2	52.68	81.355	81.355	98.789	94.347	47.173	85.0	0.991	46.7944	5890.0911
119	stage_3	2	52.44	81.355	81.355	98.789	94.347	47.173	85.0	0.991	43.2967	5933.3972
120	stage_3	2	52.45	81.355	81.355	98.789	94.347	47.173	85.0	0.991	48.0676	5981.4780
121	stage_3	2	53.09	81.355	81.355	98.789	94.347	47.173	85.0	0.991	44.7210	6026.2076
122	stage_3	2	52.61	81.355	81.355	98.789	94.347	47.173	85.0	0.991	46.8900	6073.1084
123	stage_3	2	53.68	81.355	81.355	98.789	94.347	47.173	85.0	0.991	44.4397	6117.5567
124	stage_3	2	52.83	81.355	81.355	98.789	94.347	47.173	85.0	0.991	46.5548	6164.1213
125	stage_3	2	52.99	81.355	81.355	98.789	94.347	47.173	85.0	0.991	44.4765	6208.6065
126	stage_3	2	52.99	81.355	81.355	98.789	94.347	47.173	85.0	0.991	46.7301	6255.3481
127	stage_3	2	52.96	81.355	81.355	98.789	94.347	47.173	85.0	0.991	45.1495	6300.5056
128	stage_3	2	53.15	81.355	81.355	98.789	94.347	47.173	85.0	0.991	46.5943	6347.1109
129	stage_3	2	53.28	81.355	81.355	98.789	94.347	47.173	85.0	0.991	44.6945	6391.8128
130	stage_3	2	53.19	81.355	81.355	98.789	94.347	47.173	85.0	0.991	46.7867	6438.6098
131	stage_3	2	53.49	81.355	81.355	98.789	94.347	47.173	85.0	0.991	44.7018	6483.3205
132	stage_3	2	52.6	81.355	81.355	98.789	94.347	47.173	85.0	0.991	46.7435	6530.0747
133	stage_3	2	53.33	81.355	81.355	98.789	94.347	47.173	85.0	0.991	44.8299	6574.9133
134	stage_3	2	53.29	81.355	81.355	98.789	94.347	47.173	85.0	0.991	46.4298	6621.3528
135	stage_3	2	53.08	81.355	81.355	98.789	94.347	47.173	85.0	0.991	44.7049	6666.0651
136	stage_3	2	53.51	81.355	81.355	98.789	94.347	47.173	85.0	0.991	46.2496	6712.3234
137	stage_3	2	53.39	81.355	81.355	98.789	94.347	47.173	85.0	0.991	45.0067	6757.3391
138	stage_3	2	53.33	81.355	81.355	98.789	94.347	47.173	85.0	0.991	46.9398	6804.2863
139	stage_3	2	53.55	81.355	81.355	98.789	94.347	47.173	85.0	0.991	44.4295	6848.7263
140	stage_3	2	53.06	81.355	81.355	98.789	94.347	47.173	85.0	0.991	46.5593	6895.2961
141	stage_3	2	53.04	81.355	81.355	98.789	94.347	47.173	85.0	0.991	44.8586	6940.1660
142	stage_3	2	53.7	81.355	81.355	98.789	94.347	47.173	85.0	0.991	46.2337	6986.4073
143	stage_3	2	53.89	81.355	81.355	98.789	94.347	47.173	85.0	0.991	44.8812	7031.2980
144	stage_3	2	53.61	81.355	81.355	98.789	94.347	47.173	85.0	0.991	46.9667	7078.2751
145	stage_3	2	53.67	81.355	81.355	98.789	94.347	47.173	85.0	0.991	45.4181	7123.7025
146	stage_3	2	53.93	81.355	81.355	98.789	94.347	47.173	85.0	0.991	46.1836	7169.8969
147	stage_3	2	54.1	81.355	81.355	98.789	94.347	47.173	85.0	0.991	45.4117	7215.3188
148	stage_3	2	54.05	81.355	81.355	98.789	94.347	47.173	85.0	0.991	45.7677	7261.0971
149	stage_3	2	54.26	81.355	81.355	98.789	94.347	47.173	85.0	0.991	45.0724	7306.1785
150	stage_3	2	54.21	81.355	81.355	98.789	94.347	47.173	85.0	0.991	44.6461	7350.8352
151	stage_3	2	54.04	81.355	81.355	98.789	94.347	47.173	85.0	0.991	44.7034	7395.5477
152	stage_3	2	53.79	81.355	81.355	98.789	94.347	47.173	85.0	0.991	46.0977	7441.6556
153	stage_3	2	53.84	81.355	81.355	98.789	94.347	47.173	85.0	0.991	45.0658	7486.7304
154	stage_3	2	54.16	81.355	81.355	98.789	94.347	47.173	85.0	0.991	46.3852	7533.1259
155	stage_3	2	53.84	81.355	81.355	98.789	94.347	47.173	85.0	0.991	45.3835	7578.5216
156	stage_3	2	53.99	81.355	81.355	98.789	94.347	47.173	85.0	0.991	45.9361	7624.4683
157	stage_3	2	53.67	81.355	81.355	98.789	94.347	47.173	85.0	0.991	46.1566	7670.6355
158	stage_3	2	54.18	81.355	81.355	98.789	94.347	47.173	85.0	0.991	46.1879	7716.8342
159	stage_3	2	53.98	81.355	81.355	98.789	94.347	47.173	85.0	0.991	185.6910	7902.5343
160	stage_4	3	54.49	81.607	81.607	99.094	95.773	47.887	85.0	0.992	45.4545	7947.9964
161	stage_4	3	54.15	81.607	81.607	99.094	95.773	47.887	85.0	0.992	46.1316	7994.1400
162	stage_4	3	54.26	81.607	81.607	99.094	95.773	47.887	85.0	0.992	44.9790	8039.1264
163	stage_4	3	54.05	81.607	81.607	99.094	95.773	47.887	85.0	0.992	45.8306	8084.9687
164	stage_4	3	53.95	81.607	81.607	99.094	95.773	47.887	85.0	0.992	46.3600	8131.3362
165	stage_4	3	54.27	81.607	81.607	99.094	95.773	47.887	85.0	0.992	46.1652	8177.5132
166	stage_4	3	54.02	81.607	81.607	99.094	95.773	47.887	85.0	0.992	47.1190	8224.6395
167	stage_4	3	54.43	81.607	81.607	99.094	95.773	47.887	85.0	0.992	45.9492	8270.6001
168	stage_4	3	54.14	81.607	81.607	99.094	95.773	47.887	85.0	0.992	45.5715	8316.1789
169	stage_4	3	53.83	81.607	81.607	99.094	95.773	47.887	85.0	0.992	45.7252	8361.9158
170	stage_4	3	54.11	81.607	81.607	99.094	95.773	47.887	85.0	0.992	45.3843	8407.3075
171	stage_4	3	54.17	81.607	81.607	99.094	95.773	47.887	85.0	0.992	45.6849	8453.0045
172	stage_4	3	54.43	81.607	81.607	99.094	95.773	47.887	85.0	0.992	45.5461	8498.5581
173	stage_4	3	54.23	81.607	81.607	99.094	95.773	47.887	85.0	0.992	45.7173	8544.2895
174	stage_4	3	53.85	81.607	81.607	99.094	95.773	47.887	85.0	0.992	45.9354	8590.2325
175	stage_4	3	54.45	81.607	81.607	99.094	95.773	47.887	85.0	0.992	45.2887	8635.5334
176	stage_4	3	54.06	81.607	81.607	99.094	95.773	47.887	85.0	0.992	45.6964	8681.2374
177	stage_4	3	54.2	81.607	81.607	99.094	95.773	47.887	85.0	0.992	45.4769	8726.7261
178	stage_4	3	53.43	81.607	81.607	99.094	95.773	47.887	85.0	0.992	45.8281	8772.5617
179	stage_4	3	53.72	81.607	81.607	99.094	95.773	47.887	85.0	0.992	45.5905	8818.1639
180	stage_4	3	53.83	81.607	81.607	99.094	95.773	47.887	85.0	0.992	46.1452	8864.3168
181	stage_4	3	53.59	81.607	81.607	99.094	95.773	47.887	85.0	0.992	45.0627	8909.3911
182	stage_4	3	53.93	81.607	81.607	99.094	95.773	47.887	85.0	0.992	46.6047	8956.0032
183	stage_4	3	53.48	81.607	81.607	99.094	95.773	47.887	85.0	0.992	44.9648	9000.9855
184	stage_4	3	54.29	81.607	81.607	99.094	95.773	47.887	85.0	0.992	46.5215	9047.5201
185	stage_4	3	53.49	81.607	81.607	99.094	95.773	47.887	85.0	0.992	45.5331	9093.0651
186	stage_4	3	53.26	81.607	81.607	99.094	95.773	47.887	85.0	0.992	46.8759	9139.9489
187	stage_4	3	53.06	81.607	81.607	99.094	95.773	47.887	85.0	0.992	44.3491	9184.3105
188	stage_4	3	53.27	81.607	81.607	99.094	95.773	47.887	85.0	0.992	46.6410	9230.9597
189	stage_4	3	53.54	81.607	81.607	99.094	95.773	47.887	85.0	0.992	44.4059	9275.3774
190	stage_4	3	53.27	81.607	81.607	99.094	95.773	47.887	85.0	0.992	46.9577	9322.3429
191	stage_4	3	53.28	81.607	81.607	99.094	95.773	47.887	85.0	0.992	44.3142	9366.6691
192	stage_4	3	53.25	81.607	81.607	99.094	95.773	47.887	85.0	0.992	46.6364	9413.3130
193	stage_4	3	53.6	81.607	81.607	99.094	95.773	47.887	85.0	0.992	44.3658	9457.6912
194	stage_4	3	53.17	81.607	81.607	99.094	95.773	47.887	85.0	0.992	46.6868	9504.3857
195	stage_4	3	53.51	81.607	81.607	99.094	95.773	47.887	85.0	0.992	44.3035	9548.7048
196	stage_4	3	53.76	81.607	81.607	99.094	95.773	47.887	85.0	0.992	46.5553	9595.2676
197	stage_4	3	53.52	81.607	81.607	99.094	95.773	47.887	85.0	0.992	44.4140	9639.6935
198	stage_4	3	52.56	81.607	81.607	99.094	95.773	47.887	85.0	0.992	46.3199	9686.0220
199	stage_4	3	53.16	81.607	81.607	99.094	95.773	47.887	85.0	0.992	44.3982	9730.4323
200	stage_4	3	53.54	81.607	81.607	99.094	95.773	47.887	85.0	0.992	46.8049	9777.2447
201	stage_4	3	52.96	81.607	81.607	99.094	95.773	47.887	85.0	0.992	44.5464	9821.8039
202	stage_4	3	53.29	81.607	81.607	99.094	95.773	47.887	85.0	0.992	46.4443	9868.2557
203	stage_4	3	53.7	81.607	81.607	99.094	95.773	47.887	85.0	0.992	43.8753	9912.1432
204	stage_4	3	53.35	81.607	81.607	99.094	95.773	47.887	85.0	0.992	48.0625	9960.2133
205	stage_4	3	52.98	81.607	81.607	99.094	95.773	47.887	85.0	0.992	46.2454	10006.4707
206	stage_4	3	52.79	81.607	81.607	99.094	95.773	47.887	85.0	0.992	46.5173	10052.9957
207	stage_4	3	53.08	81.607	81.607	99.094	95.773	47.887	85.0	0.992	46.2272	10099.2347
208	stage_4	3	52.95	81.607	81.607	99.094	95.773	47.887	85.0	0.992	46.2871	10145.5294
209	stage_4	3	52.76	81.607	81.607	99.094	95.773	47.887	85.0	0.992	45.7877	10191.3265
