epoch	phase	stage	acc	stage_pure	clean_precision	clean_recall	noisy_precision	noisy_recall	keep_ratio	avg_teacher_similarity	round_time_sec	total_time_sec
0	warmup	warmup	20.21	None	None	None	None	None	None	None	63.8189	63.8253
1	warmup	warmup	41.59	None	None	None	None	None	None	None	62.5935	126.4277
2	warmup	warmup	67.69	None	None	None	None	None	None	None	62.6554	189.0919
3	warmup	warmup	72.6	None	None	None	None	None	None	None	59.9712	249.0706
4	warmup	warmup	75.7	None	None	None	None	None	None	None	61.3854	310.4634
5	warmup	warmup	77.92	None	None	None	None	None	None	None	61.3466	371.8176
6	warmup	warmup	79.38	None	None	None	None	None	None	None	61.8067	433.6330
7	warmup	warmup	80.27	None	None	None	None	None	None	None	131.5241	565.1671
8	stage_1	0	72.93	90.792	90.792	77.803	61.156	81.579	59.994	0.986	53.3403	618.5150
9	stage_1	0	75.91	90.792	90.792	77.803	61.156	81.579	59.994	0.986	51.9779	670.5005
10	stage_1	0	76.74	90.792	90.792	77.803	61.156	81.579	59.994	0.986	51.6252	722.1322
11	stage_1	0	77.15	90.792	90.792	77.803	61.156	81.579	59.994	0.986	51.3824	773.5232
12	stage_1	0	78.45	90.792	90.792	77.803	61.156	81.579	59.994	0.986	47.1508	820.6848
13	stage_1	0	79.32	90.792	90.792	77.803	61.156	81.579	59.994	0.986	51.0103	871.7019
14	stage_1	0	79.99	90.792	90.792	77.803	61.156	81.579	59.994	0.986	52.1682	923.8763
15	stage_1	0	80.72	90.792	90.792	77.803	61.156	81.579	59.994	0.986	45.8843	969.7723
16	stage_1	0	81.69	90.792	90.792	77.803	61.156	81.579	59.994	0.986	52.2717	1022.0502
17	stage_1	0	81.68	90.792	90.792	77.803	61.156	81.579	59.994	0.986	52.2307	1074.2876
18	stage_1	0	81.68	90.792	90.792	77.803	61.156	81.579	59.994	0.986	50.8605	1125.1546
19	stage_1	0	82.23	90.792	90.792	77.803	61.156	81.579	59.994	0.986	52.7552	1177.9163
20	stage_1	0	82.37	90.792	90.792	77.803	61.156	81.579	59.994	0.986	51.4754	1229.3982
21	stage_1	0	82.52	90.792	90.792	77.803	61.156	81.579	59.994	0.986	50.6213	1280.0260
22	stage_1	0	82.74	90.792	90.792	77.803	61.156	81.579	59.994	0.986	50.9707	1331.0031
23	stage_1	0	82.82	90.792	90.792	77.803	61.156	81.579	59.994	0.986	52.0020	1383.0125
24	stage_1	0	83.15	90.792	90.792	77.803	61.156	81.579	59.994	0.986	52.2343	1435.2542
25	stage_1	0	82.99	90.792	90.792	77.803	61.156	81.579	59.994	0.986	51.8815	1487.1423
26	stage_1	0	83.01	90.792	90.792	77.803	61.156	81.579	59.994	0.986	49.9159	1537.0645
27	stage_1	0	83.66	90.792	90.792	77.803	61.156	81.579	59.994	0.986	50.3092	1587.3802
28	stage_1	0	83.15	90.792	90.792	77.803	61.156	81.579	59.994	0.986	52.0448	1639.4316
29	stage_1	0	83.91	90.792	90.792	77.803	61.156	81.579	59.994	0.986	110.7716	1750.2096
30	stage_2	1	83.92	96.673	96.673	82.844	69.977	93.345	59.994	0.982	50.2581	1800.4745
31	stage_2	1	84.6	96.673	96.673	82.844	69.977	93.345	59.994	0.982	52.5185	1853.0020
32	stage_2	1	84.75	96.673	96.673	82.844	69.977	93.345	59.994	0.982	54.2837	1907.2921
33	stage_2	1	85.29	96.673	96.673	82.844	69.977	93.345	59.994	0.982	49.8314	1957.1326
34	stage_2	1	85.5	96.673	96.673	82.844	69.977	93.345	59.994	0.982	50.3351	2007.4742
35	stage_2	1	85.7	96.673	96.673	82.844	69.977	93.345	59.994	0.982	52.4181	2059.9021
36	stage_2	1	85.79	96.673	96.673	82.844	69.977	93.345	59.994	0.982	51.1355	2111.0441
37	stage_2	1	86.23	96.673	96.673	82.844	69.977	93.345	59.994	0.982	50.8894	2161.9420
38	stage_2	1	86.09	96.673	96.673	82.844	69.977	93.345	59.994	0.982	51.1554	2213.1039
39	stage_2	1	86.11	96.673	96.673	82.844	69.977	93.345	59.994	0.982	53.2899	2266.4022
40	stage_2	1	86.2	96.673	96.673	82.844	69.977	93.345	59.994	0.982	51.0688	2317.4775
41	stage_2	1	86.05	96.673	96.673	82.844	69.977	93.345	59.994	0.982	52.0741	2369.5609
42	stage_2	1	86.06	96.673	96.673	82.844	69.977	93.345	59.994	0.982	51.7322	2421.2995
43	stage_2	1	86.54	96.673	96.673	82.844	69.977	93.345	59.994	0.982	51.9798	2473.2862
44	stage_2	1	86.39	96.673	96.673	82.844	69.977	93.345	59.994	0.982	54.3283	2527.6212
45	stage_2	1	86.54	96.673	96.673	82.844	69.977	93.345	59.994	0.982	50.7392	2578.3684
46	stage_2	1	86.24	96.673	96.673	82.844	69.977	93.345	59.994	0.982	53.0546	2631.4294
47	stage_2	1	86.62	96.673	96.673	82.844	69.977	93.345	59.994	0.982	51.9547	2683.3976
48	stage_2	1	86.24	96.673	96.673	82.844	69.977	93.345	59.994	0.982	51.9216	2735.3261
49	stage_2	1	86.74	96.673	96.673	82.844	69.977	93.345	59.994	0.982	50.4988	2785.8337
50	stage_2	1	87.14	96.673	96.673	82.844	69.977	93.345	59.994	0.982	46.9315	2832.7719
51	stage_2	1	87.25	96.673	96.673	82.844	69.977	93.345	59.994	0.982	94.6531	2927.4354
52	stage_3	2	87.19	96.812	96.812	82.963	70.185	93.623	59.994	0.981	51.0128	2978.4590
53	stage_3	2	86.83	96.812	96.812	82.963	70.185	93.623	59.994	0.981	49.9800	3028.4487
54	stage_3	2	87.38	96.812	96.812	82.963	70.185	93.623	59.994	0.981	51.5226	3079.9798
55	stage_3	2	86.9	96.812	96.812	82.963	70.185	93.623	59.994	0.981	52.8958	3132.8846
56	stage_3	2	86.87	96.812	96.812	82.963	70.185	93.623	59.994	0.981	51.9716	3184.8643
57	stage_3	2	86.84	96.812	96.812	82.963	70.185	93.623	59.994	0.981	50.4410	3235.3126
58	stage_3	2	86.82	96.812	96.812	82.963	70.185	93.623	59.994	0.981	52.6426	3287.9638
59	stage_3	2	86.85	96.812	96.812	82.963	70.185	93.623	59.994	0.981	52.7569	3340.7282
60	stage_3	2	87.04	96.812	96.812	82.963	70.185	93.623	59.994	0.981	49.6751	3390.4113
61	stage_3	2	86.49	96.812	96.812	82.963	70.185	93.623	59.994	0.981	51.7594	3442.1775
62	stage_3	2	86.78	96.812	96.812	82.963	70.185	93.623	59.994	0.981	50.3545	3492.5423
63	stage_3	2	86.46	96.812	96.812	82.963	70.185	93.623	59.994	0.981	50.4390	3542.9894
64	stage_3	2	86.91	96.812	96.812	82.963	70.185	93.623	59.994	0.981	50.3946	3593.4030
65	stage_3	2	86.87	96.812	96.812	82.963	70.185	93.623	59.994	0.981	50.2898	3643.7030
66	stage_3	2	87.06	96.812	96.812	82.963	70.185	93.623	59.994	0.981	51.1471	3694.8585
67	stage_3	2	86.45	96.812	96.812	82.963	70.185	93.623	59.994	0.981	51.0805	3745.9464
68	stage_3	2	87.17	96.812	96.812	82.963	70.185	93.623	59.994	0.981	51.5403	3797.5042
69	stage_3	2	87.04	96.812	96.812	82.963	70.185	93.623	59.994	0.981	49.5156	3847.0272
70	stage_3	2	87.14	96.812	96.812	82.963	70.185	93.623	59.994	0.981	50.4376	3897.4730
71	stage_3	2	87.02	96.812	96.812	82.963	70.185	93.623	59.994	0.981	49.5166	3946.9997
72	stage_3	2	87.14	96.812	96.812	82.963	70.185	93.623	59.994	0.981	52.9674	3999.9766
73	stage_3	2	86.61	96.812	96.812	82.963	70.185	93.623	59.994	0.981	80.5824	4080.5678
74	stage_4	3	85.98	96.61	96.61	82.789	69.881	93.218	59.994	0.985	50.2525	4130.8286
75	stage_4	3	86.14	96.61	96.61	82.789	69.881	93.218	59.994	0.985	49.3311	4180.1668
76	stage_4	3	85.73	96.61	96.61	82.789	69.881	93.218	59.994	0.985	50.0199	4230.1951
77	stage_4	3	86.19	96.61	96.61	82.789	69.881	93.218	59.994	0.985	50.2450	4280.4487
78	stage_4	3	86.51	96.61	96.61	82.789	69.881	93.218	59.994	0.985	48.4822	4328.9391
79	stage_4	3	85.9	96.61	96.61	82.789	69.881	93.218	59.994	0.985	49.2210	4378.1698
80	stage_4	3	86.36	96.61	96.61	82.789	69.881	93.218	59.994	0.985	50.3402	4428.5238
81	stage_4	3	86.27	96.61	96.61	82.789	69.881	93.218	59.994	0.985	49.6485	4478.1816
82	stage_4	3	86.16	96.61	96.61	82.789	69.881	93.218	59.994	0.985	53.1362	4531.3279
83	stage_4	3	85.86	96.61	96.61	82.789	69.881	93.218	59.994	0.985	52.2062	4583.5451
84	stage_4	3	86.29	96.61	96.61	82.789	69.881	93.218	59.994	0.985	48.6132	4632.1656
85	stage_4	3	85.77	96.61	96.61	82.789	69.881	93.218	59.994	0.985	50.9384	4683.1122
86	stage_4	3	86.41	96.61	96.61	82.789	69.881	93.218	59.994	0.985	52.9543	4736.0771
87	stage_4	3	86.37	96.61	96.61	82.789	69.881	93.218	59.994	0.985	50.8445	4786.9356
88	stage_4	3	86.05	96.61	96.61	82.789	69.881	93.218	59.994	0.985	49.5780	4836.5206
89	stage_4	3	86.34	96.61	96.61	82.789	69.881	93.218	59.994	0.985	51.7567	4888.2855
90	stage_4	3	86.06	96.61	96.61	82.789	69.881	93.218	59.994	0.985	44.4965	4932.7967
91	stage_4	3	85.83	96.61	96.61	82.789	69.881	93.218	59.994	0.985	50.8013	4983.6071
92	stage_4	3	86.51	96.61	96.61	82.789	69.881	93.218	59.994	0.985	51.6655	5035.2803
93	stage_4	3	86.47	96.61	96.61	82.789	69.881	93.218	59.994	0.985	50.2513	5085.5407
94	stage_4	3	86.62	96.61	96.61	82.789	69.881	93.218	59.994	0.985	50.9973	5136.5461
95	stage_4	3	86.26	96.61	96.61	82.789	69.881	93.218	59.994	0.985	51.5106	5188.1216
