epoch	phase	stage	acc	stage_pure	clean_precision	clean_recall	noisy_precision	noisy_recall	keep_ratio	avg_teacher_similarity	round_time_sec	total_time_sec
0	warmup	warmup	19.59	None	None	None	None	None	None	None	62.1831	62.1962
1	warmup	warmup	19.81	None	None	None	None	None	None	None	62.0114	124.2572
2	warmup	warmup	27.45	None	None	None	None	None	None	None	61.1068	185.4052
3	warmup	warmup	39.94	None	None	None	None	None	None	None	59.1295	244.5523
4	warmup	warmup	47.86	None	None	None	None	None	None	None	64.1952	308.7589
5	warmup	warmup	53.32	None	None	None	None	None	None	None	63.5877	372.3880
6	warmup	warmup	57.74	None	None	None	None	None	None	None	62.9525	435.3857
7	warmup	warmup	59.71	None	None	None	None	None	None	None	131.6618	567.0926
8	stage_1	0	47.66	78.421	78.421	67.202	42.604	56.832	59.994	0.982	54.0038	621.1494
9	stage_1	0	50.38	78.421	78.421	67.202	42.604	56.832	59.994	0.982	53.4536	674.6232
10	stage_1	0	52.29	78.421	78.421	67.202	42.604	56.832	59.994	0.982	55.6995	730.3372
11	stage_1	0	54.34	78.421	78.421	67.202	42.604	56.832	59.994	0.982	52.7086	783.0561
12	stage_1	0	55.37	78.421	78.421	67.202	42.604	56.832	59.994	0.982	52.5661	835.6396
13	stage_1	0	57.31	78.421	78.421	67.202	42.604	56.832	59.994	0.982	46.6065	882.2622
14	stage_1	0	57.34	78.421	78.421	67.202	42.604	56.832	59.994	0.982	51.1459	933.4349
15	stage_1	0	58.34	78.421	78.421	67.202	42.604	56.832	59.994	0.982	51.2525	984.7148
16	stage_1	0	60.44	78.421	78.421	67.202	42.604	56.832	59.994	0.982	50.7572	1035.4904
17	stage_1	0	60.33	78.421	78.421	67.202	42.604	56.832	59.994	0.982	50.2729	1085.7910
18	stage_1	0	61.72	78.421	78.421	67.202	42.604	56.832	59.994	0.982	50.4678	1136.2711
19	stage_1	0	60.74	78.421	78.421	67.202	42.604	56.832	59.994	0.982	52.3273	1188.6162
20	stage_1	0	60.01	78.421	78.421	67.202	42.604	56.832	59.994	0.982	52.1787	1240.8255
21	stage_1	0	62.92	78.421	78.421	67.202	42.604	56.832	59.994	0.982	52.0821	1292.9239
22	stage_1	0	64.3	78.421	78.421	67.202	42.604	56.832	59.994	0.982	51.4165	1344.3491
23	stage_1	0	61.95	78.421	78.421	67.202	42.604	56.832	59.994	0.982	51.1010	1395.4639
24	stage_1	0	62.29	78.421	78.421	67.202	42.604	56.832	59.994	0.982	50.8416	1446.3613
25	stage_1	0	62.33	78.421	78.421	67.202	42.604	56.832	59.994	0.982	50.5973	1496.9724
26	stage_1	0	63.61	78.421	78.421	67.202	42.604	56.832	59.994	0.982	51.3022	1548.2896
27	stage_1	0	63.03	78.421	78.421	67.202	42.604	56.832	59.994	0.982	49.9169	1598.2274
28	stage_1	0	64.1	78.421	78.421	67.202	42.604	56.832	59.994	0.982	50.3164	1648.5620
29	stage_1	0	63.99	78.421	78.421	67.202	42.604	56.832	59.994	0.982	107.5671	1756.1535
30	stage_2	1	57.91	86.621	86.621	74.23	54.902	73.236	59.994	0.976	50.0483	1806.2103
31	stage_2	1	60.24	86.621	86.621	74.23	54.902	73.236	59.994	0.976	49.3067	1855.5746
32	stage_2	1	61.55	86.621	86.621	74.23	54.902	73.236	59.994	0.976	51.5314	1907.1195
33	stage_2	1	63.33	86.621	86.621	74.23	54.902	73.236	59.994	0.976	49.9654	1957.1063
34	stage_2	1	63.46	86.621	86.621	74.23	54.902	73.236	59.994	0.976	50.7507	2007.8656
35	stage_2	1	64.14	86.621	86.621	74.23	54.902	73.236	59.994	0.976	51.5001	2059.3766
36	stage_2	1	64.33	86.621	86.621	74.23	54.902	73.236	59.994	0.976	53.4850	2112.8762
37	stage_2	1	64.68	86.621	86.621	74.23	54.902	73.236	59.994	0.976	49.7057	2162.5901
38	stage_2	1	64.56	86.621	86.621	74.23	54.902	73.236	59.994	0.976	49.5898	2212.2206
39	stage_2	1	65.05	86.621	86.621	74.23	54.902	73.236	59.994	0.976	49.2585	2261.4946
40	stage_2	1	64.88	86.621	86.621	74.23	54.902	73.236	59.994	0.976	49.9836	2311.5075
41	stage_2	1	65.14	86.621	86.621	74.23	54.902	73.236	59.994	0.976	49.9227	2361.4410
42	stage_2	1	65.65	86.621	86.621	74.23	54.902	73.236	59.994	0.976	50.6891	2412.1733
43	stage_2	1	65.74	86.621	86.621	74.23	54.902	73.236	59.994	0.976	49.6329	2461.8133
44	stage_2	1	66.16	86.621	86.621	74.23	54.902	73.236	59.994	0.976	49.5609	2511.3840
45	stage_2	1	66.08	86.621	86.621	74.23	54.902	73.236	59.994	0.976	50.1012	2561.4963
46	stage_2	1	66.24	86.621	86.621	74.23	54.902	73.236	59.994	0.976	51.9966	2613.5602
47	stage_2	1	67.28	86.621	86.621	74.23	54.902	73.236	59.994	0.976	51.2518	2664.8241
48	stage_2	1	65.53	86.621	86.621	74.23	54.902	73.236	59.994	0.976	50.8607	2715.6942
49	stage_2	1	67.11	86.621	86.621	74.23	54.902	73.236	59.994	0.976	51.2458	2766.9469
50	stage_2	1	66.74	86.621	86.621	74.23	54.902	73.236	59.994	0.976	50.3790	2817.3344
51	stage_2	1	66.61	86.621	86.621	74.23	54.902	73.236	59.994	0.976	95.3893	2912.7305
52	stage_3	2	69.42	87.37	87.37	74.871	56.024	74.734	59.994	0.98	49.9877	2962.7279
53	stage_3	2	69.91	87.37	87.37	74.871	56.024	74.734	59.994	0.98	51.0877	3013.8239
54	stage_3	2	70.06	87.37	87.37	74.871	56.024	74.734	59.994	0.98	51.4892	3065.3209
55	stage_3	2	70.13	87.37	87.37	74.871	56.024	74.734	59.994	0.98	50.3661	3115.6992
56	stage_3	2	70.41	87.37	87.37	74.871	56.024	74.734	59.994	0.98	50.8421	3166.5484
57	stage_3	2	68.27	87.37	87.37	74.871	56.024	74.734	59.994	0.98	51.0667	3217.6236
58	stage_3	2	70.01	87.37	87.37	74.871	56.024	74.734	59.994	0.98	49.8973	3267.5291
59	stage_3	2	71.07	87.37	87.37	74.871	56.024	74.734	59.994	0.98	51.5793	3319.1185
60	stage_3	2	71.03	87.37	87.37	74.871	56.024	74.734	59.994	0.98	51.3930	3370.5207
61	stage_3	2	70.57	87.37	87.37	74.871	56.024	74.734	59.994	0.98	49.1509	3419.6802
62	stage_3	2	69.5	87.37	87.37	74.871	56.024	74.734	59.994	0.98	45.2299	3464.9228
63	stage_3	2	70.47	87.37	87.37	74.871	56.024	74.734	59.994	0.98	49.4383	3514.3701
64	stage_3	2	69.92	87.37	87.37	74.871	56.024	74.734	59.994	0.98	51.8656	3566.2465
65	stage_3	2	69.28	87.37	87.37	74.871	56.024	74.734	59.994	0.98	51.6477	3617.9050
66	stage_3	2	69.8	87.37	87.37	74.871	56.024	74.734	59.994	0.98	51.6766	3669.5902
67	stage_3	2	68.98	87.37	87.37	74.871	56.024	74.734	59.994	0.98	50.3725	3719.9868
68	stage_3	2	69.47	87.37	87.37	74.871	56.024	74.734	59.994	0.98	52.3896	3772.3861
69	stage_3	2	69.57	87.37	87.37	74.871	56.024	74.734	59.994	0.98	50.5263	3822.9193
70	stage_3	2	69.79	87.37	87.37	74.871	56.024	74.734	59.994	0.98	49.7555	3872.6833
71	stage_3	2	70.11	87.37	87.37	74.871	56.024	74.734	59.994	0.98	51.6291	3924.3201
72	stage_3	2	69.57	87.37	87.37	74.871	56.024	74.734	59.994	0.98	51.1802	3975.5118
73	stage_3	2	68.19	87.37	87.37	74.871	56.024	74.734	59.994	0.98	76.1802	4051.6990
74	stage_4	3	69.12	86.1	86.1	73.783	54.121	72.194	59.994	0.978	51.1615	4102.8701
75	stage_4	3	68.34	86.1	86.1	73.783	54.121	72.194	59.994	0.978	50.5305	4153.4090
76	stage_4	3	69.07	86.1	86.1	73.783	54.121	72.194	59.994	0.978	49.9092	4203.3280
77	stage_4	3	68.55	86.1	86.1	73.783	54.121	72.194	59.994	0.978	49.6012	4252.9385
78	stage_4	3	67.8	86.1	86.1	73.783	54.121	72.194	59.994	0.978	50.6588	4303.6079
79	stage_4	3	68.26	86.1	86.1	73.783	54.121	72.194	59.994	0.978	50.1005	4353.7168
80	stage_4	3	67.12	86.1	86.1	73.783	54.121	72.194	59.994	0.978	50.4869	4404.2118
81	stage_4	3	68.17	86.1	86.1	73.783	54.121	72.194	59.994	0.978	50.5352	4454.7546
82	stage_4	3	67.36	86.1	86.1	73.783	54.121	72.194	59.994	0.978	46.2073	4500.9719
83	stage_4	3	68.3	86.1	86.1	73.783	54.121	72.194	59.994	0.978	53.1718	4554.1521
84	stage_4	3	68.68	86.1	86.1	73.783	54.121	72.194	59.994	0.978	51.0874	4605.2471
85	stage_4	3	68.5	86.1	86.1	73.783	54.121	72.194	59.994	0.978	52.5080	4657.7636
86	stage_4	3	66.51	86.1	86.1	73.783	54.121	72.194	59.994	0.978	51.6751	4709.4459
87	stage_4	3	67.5	86.1	86.1	73.783	54.121	72.194	59.994	0.978	49.4765	4758.9357
88	stage_4	3	66.88	86.1	86.1	73.783	54.121	72.194	59.994	0.978	51.4871	4810.4298
89	stage_4	3	68.64	86.1	86.1	73.783	54.121	72.194	59.994	0.978	51.6788	4862.1171
90	stage_4	3	67.97	86.1	86.1	73.783	54.121	72.194	59.994	0.978	51.2000	4913.3259
91	stage_4	3	66.65	86.1	86.1	73.783	54.121	72.194	59.994	0.978	50.7452	4964.0792
92	stage_4	3	67.06	86.1	86.1	73.783	54.121	72.194	59.994	0.978	50.4555	5014.5417
93	stage_4	3	66.35	86.1	86.1	73.783	54.121	72.194	59.994	0.978	52.2248	5066.7747
94	stage_4	3	66.56	86.1	86.1	73.783	54.121	72.194	59.994	0.978	53.6143	5120.3962
95	stage_4	3	66.85	86.1	86.1	73.783	54.121	72.194	59.994	0.978	50.8146	5171.2722
