epoch	phase	stage	acc	stage_pure	clean_precision	clean_recall	noisy_precision	noisy_recall	keep_ratio	avg_teacher_similarity	round_time_sec	total_time_sec
0	warmup	warmup	1.0	None	None	None	None	None	None	None	156.2229	156.2292
1	warmup	warmup	1.45	None	None	None	None	None	None	None	165.0465	321.2849
2	warmup	warmup	7.11	None	None	None	None	None	None	None	163.3332	484.6262
3	warmup	warmup	11.95	None	None	None	None	None	None	None	164.1876	648.8230
4	warmup	warmup	14.23	None	None	None	None	None	None	None	162.9673	811.7980
5	warmup	warmup	15.96	None	None	None	None	None	None	None	162.6179	974.4240
6	warmup	warmup	18.03	None	None	None	None	None	None	None	163.2211	1137.6532
7	warmup	warmup	19.91	None	None	None	None	None	None	None	163.3850	1301.0461
8	warmup	warmup	21.47	None	None	None	None	None	None	None	164.7226	1465.7765
9	warmup	warmup	22.42	None	None	None	None	None	None	None	163.1172	1628.9030
10	warmup	warmup	23.91	None	None	None	None	None	None	None	164.5008	1793.4118
11	warmup	warmup	24.81	None	None	None	None	None	None	None	164.3094	1957.7291
12	warmup	warmup	26.03	None	None	None	None	None	None	None	161.4933	2119.2305
13	warmup	warmup	26.69	None	None	None	None	None	None	None	163.8548	2283.0934
14	warmup	warmup	27.64	None	None	None	None	None	None	None	162.3586	2445.4602
15	warmup	warmup	28.29	None	None	None	None	None	None	None	163.4845	2608.9514
16	warmup	warmup	28.92	None	None	None	None	None	None	None	165.2488	2774.2071
17	warmup	warmup	28.98	None	None	None	None	None	None	None	165.1962	2939.4101
18	warmup	warmup	29.21	None	None	None	None	None	None	None	164.2495	3103.6679
19	warmup	warmup	29.55	None	None	None	None	None	None	None	208.1846	3311.8599
20	stage_1	0	30.23	54.098	54.098	97.376	86.88	17.376	90.0	0.988	154.0189	3465.8858
21	stage_1	0	30.29	54.098	54.098	97.376	86.88	17.376	90.0	0.988	155.7865	3621.6792
22	stage_1	0	30.14	54.098	54.098	97.376	86.88	17.376	90.0	0.988	155.1056	3776.7915
23	stage_1	0	30.58	54.098	54.098	97.376	86.88	17.376	90.0	0.988	155.8177	3932.6176
24	stage_1	0	30.79	54.098	54.098	97.376	86.88	17.376	90.0	0.988	156.4279	4089.0547
25	stage_1	0	30.6	54.098	54.098	97.376	86.88	17.376	90.0	0.988	155.7980	4244.8611
26	stage_1	0	30.31	54.098	54.098	97.376	86.88	17.376	90.0	0.988	156.6298	4401.4988
27	stage_1	0	30.6	54.098	54.098	97.376	86.88	17.376	90.0	0.988	156.5640	4558.0710
28	stage_1	0	30.82	54.098	54.098	97.376	86.88	17.376	90.0	0.988	155.2782	4713.3576
29	stage_1	0	31.22	54.098	54.098	97.376	86.88	17.376	90.0	0.988	155.9807	4869.3471
30	stage_1	0	30.63	54.098	54.098	97.376	86.88	17.376	90.0	0.988	155.5902	5024.9456
31	stage_1	0	30.35	54.098	54.098	97.376	86.88	17.376	90.0	0.988	156.3969	5181.3507
32	stage_1	0	29.76	54.098	54.098	97.376	86.88	17.376	90.0	0.988	155.4856	5336.8443
33	stage_1	0	30.28	54.098	54.098	97.376	86.88	17.376	90.0	0.988	155.4350	5492.2871
34	stage_1	0	30.24	54.098	54.098	97.376	86.88	17.376	90.0	0.988	156.5163	5648.8119
35	stage_1	0	29.86	54.098	54.098	97.376	86.88	17.376	90.0	0.988	155.8641	5804.6858
36	stage_1	0	30.26	54.098	54.098	97.376	86.88	17.376	90.0	0.988	156.5866	5961.2807
37	stage_1	0	30.24	54.098	54.098	97.376	86.88	17.376	90.0	0.988	156.0067	6117.2958
38	stage_1	0	29.87	54.098	54.098	97.376	86.88	17.376	90.0	0.988	191.8868	6309.1922
39	stage_2	1	31.11	60.971	60.971	85.36	75.6	45.36	70.0	0.992	124.6242	6433.8264
40	stage_2	1	32.0	60.971	60.971	85.36	75.6	45.36	70.0	0.992	126.5678	6560.4021
41	stage_2	1	32.07	60.971	60.971	85.36	75.6	45.36	70.0	0.992	125.8984	6686.3087
42	stage_2	1	31.78	60.971	60.971	85.36	75.6	45.36	70.0	0.992	126.3265	6812.6435
43	stage_2	1	31.7	60.971	60.971	85.36	75.6	45.36	70.0	0.992	126.7804	6939.4337
44	stage_2	1	31.96	60.971	60.971	85.36	75.6	45.36	70.0	0.992	128.1353	7067.5771
45	stage_2	1	32.15	60.971	60.971	85.36	75.6	45.36	70.0	0.992	127.4383	7195.0237
46	stage_2	1	31.65	60.971	60.971	85.36	75.6	45.36	70.0	0.992	126.4315	7321.4647
47	stage_2	1	31.7	60.971	60.971	85.36	75.6	45.36	70.0	0.992	126.4712	7447.9438
48	stage_2	1	31.76	60.971	60.971	85.36	75.6	45.36	70.0	0.992	126.6953	7574.6472
49	stage_2	1	31.75	60.971	60.971	85.36	75.6	45.36	70.0	0.992	124.9121	7699.5687
50	stage_2	1	31.33	60.971	60.971	85.36	75.6	45.36	70.0	0.992	126.1415	7825.7191
51	stage_2	1	31.4	60.971	60.971	85.36	75.6	45.36	70.0	0.992	127.0225	7952.7500
52	stage_2	1	31.5	60.971	60.971	85.36	75.6	45.36	70.0	0.992	127.3497	8080.1082
53	stage_2	1	31.8	60.971	60.971	85.36	75.6	45.36	70.0	0.992	125.4163	8205.5331
54	stage_2	1	31.52	60.971	60.971	85.36	75.6	45.36	70.0	0.992	125.6871	8331.2303
55	stage_2	1	31.16	60.971	60.971	85.36	75.6	45.36	70.0	0.992	125.1800	8456.4187
56	stage_2	1	31.74	60.971	60.971	85.36	75.6	45.36	70.0	0.992	124.0729	8580.5002
57	stage_2	1	31.55	60.971	60.971	85.36	75.6	45.36	70.0	0.992	151.8902	8732.3988
58	stage_3	2	32.6	64.717	64.717	77.66	72.075	57.66	60.0	0.994	115.7911	8848.1984
59	stage_3	2	32.58	64.717	64.717	77.66	72.075	57.66	60.0	0.994	116.2257	8964.4325
60	stage_3	2	33.01	64.717	64.717	77.66	72.075	57.66	60.0	0.994	116.2554	9080.6963
61	stage_3	2	32.77	64.717	64.717	77.66	72.075	57.66	60.0	0.994	115.7092	9196.4139
62	stage_3	2	32.87	64.717	64.717	77.66	72.075	57.66	60.0	0.994	117.0671	9313.4895
63	stage_3	2	32.99	64.717	64.717	77.66	72.075	57.66	60.0	0.994	115.7710	9429.2690
64	stage_3	2	32.55	64.717	64.717	77.66	72.075	57.66	60.0	0.994	115.3422	9544.6196
65	stage_3	2	32.9	64.717	64.717	77.66	72.075	57.66	60.0	0.994	115.9218	9660.5501
66	stage_3	2	33.15	64.717	64.717	77.66	72.075	57.66	60.0	0.994	117.4753	9778.0341
67	stage_3	2	32.51	64.717	64.717	77.66	72.075	57.66	60.0	0.994	116.9750	9895.0187
68	stage_3	2	32.74	64.717	64.717	77.66	72.075	57.66	60.0	0.994	116.1466	10011.1764
69	stage_3	2	32.55	64.717	64.717	77.66	72.075	57.66	60.0	0.994	117.2693	10128.4555
70	stage_3	2	33.08	64.717	64.717	77.66	72.075	57.66	60.0	0.994	117.6317	10246.0971
71	stage_3	2	33.15	64.717	64.717	77.66	72.075	57.66	60.0	0.994	115.7230	10361.8284
72	stage_3	2	32.53	64.717	64.717	77.66	72.075	57.66	60.0	0.994	116.4414	10478.2783
73	stage_3	2	32.95	64.717	64.717	77.66	72.075	57.66	60.0	0.994	116.4441	10594.7321
74	stage_3	2	32.99	64.717	64.717	77.66	72.075	57.66	60.0	0.994	117.6626	10712.4055
75	stage_3	2	32.72	64.717	64.717	77.66	72.075	57.66	60.0	0.994	112.8628	10825.2772
76	stage_3	2	32.76	64.717	64.717	77.66	72.075	57.66	60.0	0.994	134.6233	10959.9095
77	stage_4	3	33.75	66.224	66.224	66.224	66.224	66.224	50.0	0.993	102.9929	11062.9135
78	stage_4	3	33.42	66.224	66.224	66.224	66.224	66.224	50.0	0.993	107.4233	11170.3450
79	stage_4	3	33.59	66.224	66.224	66.224	66.224	66.224	50.0	0.993	106.2684	11276.6251
80	stage_4	3	33.52	66.224	66.224	66.224	66.224	66.224	50.0	0.993	106.1265	11382.7619
81	stage_4	3	33.76	66.224	66.224	66.224	66.224	66.224	50.0	0.993	106.4409	11489.2151
82	stage_4	3	33.94	66.224	66.224	66.224	66.224	66.224	50.0	0.993	105.8747	11595.0970
83	stage_4	3	33.45	66.224	66.224	66.224	66.224	66.224	50.0	0.993	106.2112	11701.3149
84	stage_4	3	33.7	66.224	66.224	66.224	66.224	66.224	50.0	0.993	106.7066	11808.0347
85	stage_4	3	33.73	66.224	66.224	66.224	66.224	66.224	50.0	0.993	106.7946	11914.8392
86	stage_4	3	33.68	66.224	66.224	66.224	66.224	66.224	50.0	0.993	103.3043	12018.1561
87	stage_4	3	33.42	66.224	66.224	66.224	66.224	66.224	50.0	0.993	106.3444	12124.5117
88	stage_4	3	33.6	66.224	66.224	66.224	66.224	66.224	50.0	0.993	106.1273	12230.6489
89	stage_4	3	33.12	66.224	66.224	66.224	66.224	66.224	50.0	0.993	100.0773	12330.7359
90	stage_4	3	33.6	66.224	66.224	66.224	66.224	66.224	50.0	0.993	104.6217	12435.3676
91	stage_4	3	33.54	66.224	66.224	66.224	66.224	66.224	50.0	0.993	107.7558	12543.1336
92	stage_4	3	33.54	66.224	66.224	66.224	66.224	66.224	50.0	0.993	106.1201	12649.2633
93	stage_4	3	33.7	66.224	66.224	66.224	66.224	66.224	50.0	0.993	107.7164	12756.9894
94	stage_4	3	33.53	66.224	66.224	66.224	66.224	66.224	50.0	0.993	108.0296	12865.0288
95	stage_4	3	33.45	66.224	66.224	66.224	66.224	66.224	50.0	0.993	106.1428	12971.1813
