epoch	acc	pure	round_time_sec	total_time_sec
epoch	acc	pure	round_time_sec	total_time_sec
0	10.68	70.033	64.6959	64.6960
0	10.0	70.02	64.8687	64.8689
1	18.51	70.003	63.0537	127.7500
1	14.63	70.018	63.1317	128.0009
2	25.78	70.005	63.1451	190.8954
2	23.87	69.995	63.4209	191.4221
3	25.01	69.991	62.6048	253.5004
3	29.67	70.014	63.4547	254.8771
4	27.5	69.999	63.4978	316.9986
4	27.93	69.986	63.2301	318.1075
5	27.45	70.002	63.6343	380.6333
5	28.89	70.002	63.2620	381.3697
6	31.1	69.978	63.3789	444.0124
6	27.47	69.987	63.2925	444.6625
7	27.41	69.986	63.0000	507.0128
7	29.69	70.031	63.0799	507.7427
8	29.47	69.991	63.5217	570.5347
8	30.11	69.98	63.5012	571.2442
9	31.89	70.025	62.9268	633.4618
9	31.77	69.986	62.9532	634.1977
10	31.38	79.232	90.3544	723.8166
10	26.31	78.542	90.3638	724.5618
11	31.24	76.147	90.1210	813.9378
11	30.31	77.57	89.9384	814.5004
12	30.13	78.568	89.9478	903.8860
12	32.13	78.389	90.1965	904.6972
13	31.71	71.926	90.3050	994.1912
13	31.27	78.747	89.7726	994.4700
14	30.29	79.248	89.7660	1084.2363
14	26.35	79.091	90.1208	1084.3122
15	34.89	79.458	90.1512	1174.3878
15	33.28	80.197	90.1881	1174.5006
16	37.53	76.649	89.9497	1264.3377
16	32.32	76.681	89.9705	1264.4714
17	34.4	76.602	89.9840	1354.3220
17	35.26	77.997	90.1807	1354.6523
18	31.05	76.476	90.6915	1445.3441
18	33.19	76.843	92.0069	1446.3292
19	33.0	73.472	90.0815	1535.4259
19	37.12	77.603	90.1047	1536.4341
20	34.28	73.715	70.8639	1606.2901
20	36.33	77.463	70.6556	1607.0900
21	33.92	80.492	54.1247	1660.4151
21	32.14	79.938	55.7724	1662.8626
22	31.55	77.843	83.3473	1743.7626
22	37.72	77.16	83.6674	1746.5303
23	34.0	79.616	84.6015	1828.3645
23	36.78	76.3	84.4341	1830.9646
24	34.31	72.93	84.7448	1913.1096
24	32.88	77.635	84.6208	1915.5857
25	29.5	80.025	83.0923	1996.2023
25	33.99	76.208	83.2593	1998.8453
26	33.83	75.98	84.0944	2080.2970
26	35.94	77.039	84.4637	2083.3093
27	37.38	73.968	83.6778	2163.9751
27	37.82	78.663	83.4694	2166.7790
28	36.23	76.233	83.7629	2247.7383
28	34.54	77.781	83.6901	2250.4711
29	33.14	80.489	84.1361	2331.8747
29	36.84	78.942	84.2190	2334.6904
30	26.36	75.379	90.1072	2421.9822
30	34.06	73.754	90.2517	2424.9424
31	27.22	76.155	90.0190	2512.0015
31	38.82	74.01	90.4397	2515.3823
32	33.91	78.771	90.4456	2602.4474
32	25.89	81.93	90.0459	2605.4285
33	30.54	77.748	89.7050	2692.1528
33	35.04	77.467	90.0569	2695.4857
34	35.89	73.244	89.9918	2782.1448
34	26.55	75.519	90.0467	2785.5327
35	34.56	76.437	90.2435	2872.3886
35	35.1	73.927	89.7363	2875.2693
36	28.55	80.393	89.9163	2962.3051
36	33.11	75.462	89.9200	2965.1897
37	36.11	76.779	89.9151	3052.2205
37	37.69	72.843	90.0888	3055.2788
38	29.68	75.059	89.9930	3142.2137
38	34.31	75.28	90.2221	3145.5012
39	35.29	75.981	90.3914	3232.6054
39	30.36	73.496	89.7906	3235.2920
40	35.39	76.656	89.9775	3322.5832
40	31.29	72.479	89.8923	3325.1847
41	34.98	73.778	90.0710	3412.6544
41	33.86	72.061	90.2549	3415.4398
42	36.86	77.489	90.7289	3503.3838
42	38.65	72.453	90.0598	3505.4998
43	38.28	74.933	90.2923	3593.6763
43	32.03	73.97	89.9992	3595.4993
44	37.64	75.539	89.9944	3683.6709
44	32.4	73.694	90.0756	3685.5751
45	34.54	73.569	89.9601	3773.6313
45	33.27	70.738	89.9523	3775.5276
46	38.66	75.318	90.0408	3863.6724
46	36.01	73.044	90.2604	3865.7883
47	36.1	75.928	90.6621	3954.3347
47	32.51	72.481	89.9667	3955.7553
48	36.26	74.664	90.0016	4044.3366
48	31.22	75.163	89.8968	4045.6524
49	34.54	77.568	90.4612	4134.7981
49	34.21	73.139	90.3378	4135.9905
50	37.4	75.836	89.1160	4223.9144
50	38.57	76.589	89.4180	4225.4088
51	30.18	78.638	89.9490	4313.8637
51	38.79	74.601	90.0671	4315.4762
52	34.2	77.152	89.8268	4403.6908
52	35.52	74.024	89.5774	4405.0539
53	35.97	80.024	90.4931	4494.1841
53	40.08	72.978	90.2133	4495.2675
54	37.47	78.696	89.7059	4583.8903
54	33.08	76.812	89.9634	4585.2312
55	35.12	77.328	90.0340	4673.9245
55	36.87	77.165	89.7134	4674.9448
56	37.54	77.524	89.8831	4763.8080
56	35.06	76.526	90.1447	4765.0897
57	34.31	80.679	89.6461	4853.4544
57	29.25	77.131	89.6639	4854.7539
58	35.08	76.723	90.2428	4943.6974
58	33.09	75.129	90.0585	4944.8126
59	36.15	78.542	89.8169	5033.5146
59	38.44	73.324	89.9429	5034.7559
60	38.68	75.954	89.6895	5123.2044
60	32.57	78.077	89.9855	5124.7416
61	34.66	82.825	89.9886	5213.1933
61	34.91	73.188	90.2260	5214.9679
62	38.2	80.034	89.7854	5302.9790
62	36.36	71.067	89.7698	5304.7381
63	41.0	78.195	90.2647	5393.2440
63	36.24	76.647	90.1186	5394.8569
64	36.4	82.015	89.7033	5482.9475
64	36.54	73.656	89.9317	5484.7890
65	39.35	76.401	90.3098	5573.2576
65	35.37	75.815	89.9088	5574.6980
66	38.19	76.563	89.8487	5663.1067
66	34.13	73.368	89.8458	5664.5441
67	36.12	75.918	89.7479	5752.8549
67	29.43	78.693	89.8501	5754.3945
68	38.86	78.169	89.9711	5842.8262
68	34.63	75.772	89.8399	5844.2348
69	40.14	81.38	90.1671	5932.9935
69	33.74	75.004	90.0183	5934.2533
70	39.96	75.038	89.5535	6022.5473
70	33.86	73.028	89.6296	6023.8831
71	32.87	78.629	89.6963	6112.2439
71	34.47	75.112	90.1144	6113.9978
72	37.8	72.278	89.2450	6201.4892
72	36.69	75.109	89.7120	6203.7101
73	36.88	76.005	89.9493	6291.4388
73	35.05	72.821	89.5836	6293.2939
74	36.02	70.413	89.2962	6380.7353
74	28.72	73.058	89.9853	6383.2794
75	35.78	74.827	90.0411	6470.7767
75	37.93	72.265	90.2016	6473.4813
76	40.52	73.136	90.3733	6561.1502
76	32.72	70.351	90.0598	6563.5414
77	32.03	78.188	89.6273	6650.7779
77	37.39	73.334	89.6354	6653.1771
78	36.86	73.421	89.8220	6740.6003
78	34.87	73.449	89.7000	6742.8775
79	33.14	71.289	89.5879	6830.1884
79	34.88	70.99	89.4701	6832.3478
80	35.65	71.441	89.7574	6919.9461
80	34.32	70.918	89.8364	6922.1845
81	36.25	73.56	89.9898	7009.9362
81	34.7	73.154	89.9871	7012.1718
82	38.23	76.131	90.0295	7099.9660
82	33.12	72.443	90.3148	7102.4868
83	34.38	77.797	89.9929	7189.9591
83	34.4	76.638	89.9700	7192.4570
84	35.89	75.036	90.1469	7280.1063
84	37.73	73.532	90.0687	7282.5261
85	36.88	74.25	90.1188	7370.2253
85	35.39	72.589	89.9426	7372.4690
86	36.98	69.827	90.1451	7460.3707
86	33.08	72.681	90.4838	7462.9530
87	35.39	78.823	89.5768	7549.9479
87	34.46	72.985	90.2053	7553.1586
88	34.62	73.406	89.6352	7639.5833
88	35.79	71.332	89.7847	7642.9436
89	37.45	71.262	89.8957	7729.4792
89	35.53	71.995	90.3862	7733.3300
90	37.7	79.987	89.7105	7819.1900
90	33.89	75.208	89.5261	7822.8564
91	38.71	78.324	90.2039	7909.3942
91	35.5	76.317	90.5927	7913.4494
92	37.97	73.844	89.7158	7999.1103
92	35.07	75.882	89.8813	8003.3312
93	37.11	79.134	90.2998	8089.4104
93	35.86	75.392	89.9482	8093.2797
94	40.51	78.842	90.1706	8179.5813
94	33.28	73.325	90.4937	8183.7737
95	36.86	78.731	90.1608	8269.7423
95	37.98	76.991	90.1325	8273.9065
96	37.22	78.888	89.6071	8359.3497
96	38.99	77.807	89.9767	8363.8835
97	39.16	78.283	89.6887	8449.0386
97	37.49	71.431	89.8518	8453.7356
98	38.6	79.393	89.9817	8539.0206
98	35.65	72.633	90.0078	8543.7437
99	38.88	78.407	90.1983	8629.2191
99	38.28	77.111	89.5377	8633.2816
