epoch	phase	stage	acc	stage_pure	clean_precision	clean_recall	noisy_precision	noisy_recall	keep_ratio	avg_teacher_similarity	round_time_sec	total_time_sec
0	warmup	warmup	19.59	None	None	None	None	None	None	None	63.3936	63.4029
1	warmup	warmup	47.58	None	None	None	None	None	None	None	62.7562	126.1710
2	warmup	warmup	70.28	None	None	None	None	None	None	None	63.3347	189.5134
3	warmup	warmup	76.07	None	None	None	None	None	None	None	63.1950	252.7195
4	warmup	warmup	79.68	None	None	None	None	None	None	None	62.7920	315.5200
5	warmup	warmup	81.57	None	None	None	None	None	None	None	60.2264	375.7595
6	warmup	warmup	82.97	None	None	None	None	None	None	None	60.8340	436.6049
7	warmup	warmup	84.01	None	None	None	None	None	None	None	127.9996	564.6656
8	stage_1	0	70.58	95.397	95.397	81.75	68.062	90.792	59.994	0.987	53.3303	618.0037
9	stage_1	0	79.03	95.397	95.397	81.75	68.062	90.792	59.994	0.987	52.8642	670.8739
10	stage_1	0	80.51	95.397	95.397	81.75	68.062	90.792	59.994	0.987	52.0442	722.9260
11	stage_1	0	81.68	95.397	95.397	81.75	68.062	90.792	59.994	0.987	53.0445	775.9770
12	stage_1	0	82.58	95.397	95.397	81.75	68.062	90.792	59.994	0.987	54.5761	830.5608
13	stage_1	0	82.46	95.397	95.397	81.75	68.062	90.792	59.994	0.987	55.7362	886.3030
14	stage_1	0	82.85	95.397	95.397	81.75	68.062	90.792	59.994	0.987	50.4793	936.7901
15	stage_1	0	83.01	95.397	95.397	81.75	68.062	90.792	59.994	0.987	48.0102	984.8116
16	stage_1	0	83.26	95.397	95.397	81.75	68.062	90.792	59.994	0.987	48.8570	1033.6762
17	stage_1	0	83.71	95.397	95.397	81.75	68.062	90.792	59.994	0.987	51.5716	1085.2557
18	stage_1	0	84.33	95.397	95.397	81.75	68.062	90.792	59.994	0.987	52.6340	1137.8961
19	stage_1	0	84.67	95.397	95.397	81.75	68.062	90.792	59.994	0.987	51.0409	1188.9448
20	stage_1	0	84.84	95.397	95.397	81.75	68.062	90.792	59.994	0.987	50.5339	1239.4854
21	stage_1	0	84.01	95.397	95.397	81.75	68.062	90.792	59.994	0.987	51.3484	1290.8424
22	stage_1	0	85.24	95.397	95.397	81.75	68.062	90.792	59.994	0.987	51.1964	1342.0461
23	stage_1	0	85.16	95.397	95.397	81.75	68.062	90.792	59.994	0.987	51.8274	1393.8810
24	stage_1	0	85.48	95.397	95.397	81.75	68.062	90.792	59.994	0.987	50.3256	1444.2131
25	stage_1	0	85.59	95.397	95.397	81.75	68.062	90.792	59.994	0.987	52.4595	1496.6804
26	stage_1	0	85.59	95.397	95.397	81.75	68.062	90.792	59.994	0.987	50.5737	1547.2644
27	stage_1	0	85.56	95.397	95.397	81.75	68.062	90.792	59.994	0.987	50.2822	1597.5546
28	stage_1	0	86.04	95.397	95.397	81.75	68.062	90.792	59.994	0.987	49.3866	1646.9473
29	stage_1	0	86.28	95.397	95.397	81.75	68.062	90.792	59.994	0.987	106.2879	1753.2429
30	stage_2	1	85.34	97.363	97.363	83.434	71.01	94.725	59.994	0.977	51.0231	1804.2742
31	stage_2	1	86.02	97.363	97.363	83.434	71.01	94.725	59.994	0.977	49.8306	1854.1111
32	stage_2	1	86.49	97.363	97.363	83.434	71.01	94.725	59.994	0.977	50.2087	1904.3275
33	stage_2	1	86.31	97.363	97.363	83.434	71.01	94.725	59.994	0.977	49.1563	1953.4905
34	stage_2	1	86.87	97.363	97.363	83.434	71.01	94.725	59.994	0.977	47.8930	2001.3921
35	stage_2	1	86.72	97.363	97.363	83.434	71.01	94.725	59.994	0.977	49.0429	2050.4415
36	stage_2	1	87.14	97.363	97.363	83.434	71.01	94.725	59.994	0.977	49.7332	2100.1839
37	stage_2	1	86.92	97.363	97.363	83.434	71.01	94.725	59.994	0.977	49.7737	2149.9642
38	stage_2	1	87.38	97.363	97.363	83.434	71.01	94.725	59.994	0.977	49.6098	2199.5826
39	stage_2	1	87.59	97.363	97.363	83.434	71.01	94.725	59.994	0.977	51.0791	2250.6686
40	stage_2	1	87.05	97.363	97.363	83.434	71.01	94.725	59.994	0.977	50.7923	2301.4701
41	stage_2	1	87.05	97.363	97.363	83.434	71.01	94.725	59.994	0.977	51.6434	2353.1212
42	stage_2	1	87.71	97.363	97.363	83.434	71.01	94.725	59.994	0.977	49.7423	2402.8714
43	stage_2	1	87.3	97.363	97.363	83.434	71.01	94.725	59.994	0.977	51.1671	2454.0467
44	stage_2	1	87.82	97.363	97.363	83.434	71.01	94.725	59.994	0.977	51.2337	2505.2894
45	stage_2	1	88.08	97.363	97.363	83.434	71.01	94.725	59.994	0.977	50.3532	2555.6501
46	stage_2	1	87.88	97.363	97.363	83.434	71.01	94.725	59.994	0.977	50.0105	2605.6695
47	stage_2	1	87.79	97.363	97.363	83.434	71.01	94.725	59.994	0.977	49.1963	2654.8787
48	stage_2	1	87.6	97.363	97.363	83.434	71.01	94.725	59.994	0.977	50.1884	2705.0767
49	stage_2	1	87.58	97.363	97.363	83.434	71.01	94.725	59.994	0.977	50.5266	2755.6099
50	stage_2	1	88.22	97.363	97.363	83.434	71.01	94.725	59.994	0.977	52.3210	2807.9391
51	stage_2	1	88.24	97.363	97.363	83.434	71.01	94.725	59.994	0.977	92.7298	2900.6791
52	stage_3	2	88.13	97.199	97.199	83.294	70.765	94.397	59.994	0.982	50.2285	2950.9164
53	stage_3	2	87.46	97.199	97.199	83.294	70.765	94.397	59.994	0.982	50.1807	3001.1040
54	stage_3	2	88.23	97.199	97.199	83.294	70.765	94.397	59.994	0.982	49.3211	3050.4350
55	stage_3	2	88.11	97.199	97.199	83.294	70.765	94.397	59.994	0.982	50.0829	3100.5252
56	stage_3	2	87.59	97.199	97.199	83.294	70.765	94.397	59.994	0.982	50.1584	3150.6903
57	stage_3	2	87.6	97.199	97.199	83.294	70.765	94.397	59.994	0.982	53.0165	3203.7133
58	stage_3	2	88.42	97.199	97.199	83.294	70.765	94.397	59.994	0.982	51.6473	3255.3686
59	stage_3	2	88.46	97.199	97.199	83.294	70.765	94.397	59.994	0.982	50.5884	3305.9636
60	stage_3	2	88.21	97.199	97.199	83.294	70.765	94.397	59.994	0.982	49.4674	3355.4375
61	stage_3	2	87.93	97.199	97.199	83.294	70.765	94.397	59.994	0.982	50.3034	3405.7516
62	stage_3	2	88.26	97.199	97.199	83.294	70.765	94.397	59.994	0.982	51.4099	3457.1686
63	stage_3	2	88.29	97.199	97.199	83.294	70.765	94.397	59.994	0.982	49.5801	3506.7584
64	stage_3	2	88.75	97.199	97.199	83.294	70.765	94.397	59.994	0.982	49.3429	3556.1097
65	stage_3	2	88.25	97.199	97.199	83.294	70.765	94.397	59.994	0.982	49.8632	3605.9810
66	stage_3	2	87.94	97.199	97.199	83.294	70.765	94.397	59.994	0.982	49.9330	3655.9225
67	stage_3	2	88.36	97.199	97.199	83.294	70.765	94.397	59.994	0.982	45.0280	3700.9598
68	stage_3	2	88.27	97.199	97.199	83.294	70.765	94.397	59.994	0.982	51.5319	3752.4986
69	stage_3	2	88.19	97.199	97.199	83.294	70.765	94.397	59.994	0.982	50.6529	3803.1635
70	stage_3	2	88.68	97.199	97.199	83.294	70.765	94.397	59.994	0.982	50.6337	3853.8052
71	stage_3	2	88.03	97.199	97.199	83.294	70.765	94.397	59.994	0.982	48.3003	3902.1140
72	stage_3	2	88.53	97.199	97.199	83.294	70.765	94.397	59.994	0.982	51.2524	3953.3754
73	stage_3	2	88.05	97.199	97.199	83.294	70.765	94.397	59.994	0.982	77.7988	4031.1841
74	stage_4	3	87.6	96.207	96.207	82.444	69.277	92.412	59.994	0.982	54.3716	4085.5651
75	stage_4	3	87.73	96.207	96.207	82.444	69.277	92.412	59.994	0.982	51.9197	4137.4940
76	stage_4	3	87.35	96.207	96.207	82.444	69.277	92.412	59.994	0.982	49.7546	4187.2621
77	stage_4	3	87.01	96.207	96.207	82.444	69.277	92.412	59.994	0.982	50.0698	4237.3386
78	stage_4	3	87.46	96.207	96.207	82.444	69.277	92.412	59.994	0.982	50.9320	4288.2786
79	stage_4	3	87.58	96.207	96.207	82.444	69.277	92.412	59.994	0.982	50.4604	4338.7458
80	stage_4	3	87.15	96.207	96.207	82.444	69.277	92.412	59.994	0.982	50.1056	4388.8598
81	stage_4	3	86.97	96.207	96.207	82.444	69.277	92.412	59.994	0.982	50.4756	4439.3424
82	stage_4	3	87.21	96.207	96.207	82.444	69.277	92.412	59.994	0.982	50.6772	4490.0280
83	stage_4	3	87.17	96.207	96.207	82.444	69.277	92.412	59.994	0.982	50.9983	4541.0331
84	stage_4	3	87.45	96.207	96.207	82.444	69.277	92.412	59.994	0.982	50.1136	4591.1769
85	stage_4	3	87.28	96.207	96.207	82.444	69.277	92.412	59.994	0.982	51.7878	4642.9716
86	stage_4	3	87.79	96.207	96.207	82.444	69.277	92.412	59.994	0.982	50.5235	4693.5048
87	stage_4	3	87.57	96.207	96.207	82.444	69.277	92.412	59.994	0.982	51.3803	4744.8921
88	stage_4	3	87.48	96.207	96.207	82.444	69.277	92.412	59.994	0.982	49.9100	4794.8108
89	stage_4	3	87.18	96.207	96.207	82.444	69.277	92.412	59.994	0.982	49.8095	4844.6272
90	stage_4	3	86.98	96.207	96.207	82.444	69.277	92.412	59.994	0.982	49.4590	4894.0975
91	stage_4	3	87.03	96.207	96.207	82.444	69.277	92.412	59.994	0.982	50.0489	4944.1536
92	stage_4	3	87.07	96.207	96.207	82.444	69.277	92.412	59.994	0.982	50.4143	4994.5757
93	stage_4	3	87.29	96.207	96.207	82.444	69.277	92.412	59.994	0.982	48.3750	5042.9576
94	stage_4	3	87.97	96.207	96.207	82.444	69.277	92.412	59.994	0.982	50.8955	5093.8611
95	stage_4	3	87.11	96.207	96.207	82.444	69.277	92.412	59.994	0.982	50.3333	5144.2014
