epoch	phase	stage	acc	stage_pure	clean_precision	clean_recall	noisy_precision	noisy_recall	keep_ratio	avg_teacher_similarity	round_time_sec	total_time_sec
0	warmup	warmup	10.0	None	None	None	None	None	None	None	128.6049	128.6130
1	warmup	warmup	19.23	None	None	None	None	None	None	None	126.5034	255.1241
2	warmup	warmup	32.7	None	None	None	None	None	None	None	127.9987	383.1297
3	warmup	warmup	39.25	None	None	None	None	None	None	None	127.1494	510.2862
4	warmup	warmup	43.99	None	None	None	None	None	None	None	127.8224	638.1165
5	warmup	warmup	47.4	None	None	None	None	None	None	None	127.5871	765.7110
6	warmup	warmup	49.38	None	None	None	None	None	None	None	126.9162	892.6341
7	warmup	warmup	52.86	None	None	None	None	None	None	None	127.7524	1020.3945
8	warmup	warmup	53.08	None	None	None	None	None	None	None	128.0579	1148.4631
9	warmup	warmup	55.78	None	None	None	None	None	None	None	126.3320	1274.8015
10	warmup	warmup	58.23	None	None	None	None	None	None	None	127.7776	1402.5861
11	warmup	warmup	58.81	None	None	None	None	None	None	None	128.6080	1531.2005
12	warmup	warmup	60.84	None	None	None	None	None	None	None	127.1782	1658.3863
13	warmup	warmup	61.65	None	None	None	None	None	None	None	126.8856	1785.2799
14	warmup	warmup	63.69	None	None	None	None	None	None	None	124.8355	1910.1220
15	warmup	warmup	64.07	None	None	None	None	None	None	None	125.8378	2035.9683
16	warmup	warmup	63.27	None	None	None	None	None	None	None	127.5310	2163.5058
17	warmup	warmup	65.31	None	None	None	None	None	None	None	126.3721	2289.8843
18	warmup	warmup	66.09	None	None	None	None	None	None	None	125.9255	2415.8163
19	warmup	warmup	66.48	None	None	None	None	None	None	None	192.8725	2608.6974
20	stage_1	0	66.97	55.313	55.313	99.564	97.82	19.564	90.0	0.978	118.5836	2727.2898
21	stage_1	0	67.94	55.313	55.313	99.564	97.82	19.564	90.0	0.978	119.2486	2846.5463
22	stage_1	0	67.48	55.313	55.313	99.564	97.82	19.564	90.0	0.978	123.2150	2969.7699
23	stage_1	0	67.56	55.313	55.313	99.564	97.82	19.564	90.0	0.978	121.8815	3091.6609
24	stage_1	0	68.7	55.313	55.313	99.564	97.82	19.564	90.0	0.978	121.7179	3213.3857
25	stage_1	0	68.02	55.313	55.313	99.564	97.82	19.564	90.0	0.978	121.7470	3335.1393
26	stage_1	0	68.49	55.313	55.313	99.564	97.82	19.564	90.0	0.978	119.5359	3454.6828
27	stage_1	0	68.21	55.313	55.313	99.564	97.82	19.564	90.0	0.978	120.9988	3575.6887
28	stage_1	0	67.55	55.313	55.313	99.564	97.82	19.564	90.0	0.978	123.0916	3698.7870
29	stage_1	0	67.82	55.313	55.313	99.564	97.82	19.564	90.0	0.978	119.4190	3818.2127
30	stage_1	0	67.52	55.313	55.313	99.564	97.82	19.564	90.0	0.978	120.7219	3938.9422
31	stage_1	0	66.83	55.313	55.313	99.564	97.82	19.564	90.0	0.978	120.1759	4059.1261
32	stage_1	0	67.41	55.313	55.313	99.564	97.82	19.564	90.0	0.978	121.3554	4180.4902
33	stage_1	0	66.53	55.313	55.313	99.564	97.82	19.564	90.0	0.978	119.3124	4299.8111
34	stage_1	0	67.01	55.313	55.313	99.564	97.82	19.564	90.0	0.978	122.9794	4422.7988
35	stage_1	0	66.64	55.313	55.313	99.564	97.82	19.564	90.0	0.978	119.8767	4542.6840
36	stage_1	0	66.2	55.313	55.313	99.564	97.82	19.564	90.0	0.978	122.0392	4664.7319
37	stage_1	0	66.25	55.313	55.313	99.564	97.82	19.564	90.0	0.978	120.6147	4785.3607
38	stage_1	0	65.47	55.313	55.313	99.564	97.82	19.564	90.0	0.978	189.5249	4974.8955
39	stage_2	1	68.73	67.883	67.883	95.036	91.727	55.036	70.0	0.976	100.8665	5075.7718
40	stage_2	1	69.28	67.883	67.883	95.036	91.727	55.036	70.0	0.976	101.9095	5177.6898
41	stage_2	1	68.29	67.883	67.883	95.036	91.727	55.036	70.0	0.976	98.2271	5275.9282
42	stage_2	1	67.8	67.883	67.883	95.036	91.727	55.036	70.0	0.976	98.9995	5374.9364
43	stage_2	1	67.37	67.883	67.883	95.036	91.727	55.036	70.0	0.976	100.0119	5474.9572
44	stage_2	1	67.13	67.883	67.883	95.036	91.727	55.036	70.0	0.976	98.4555	5573.4215
45	stage_2	1	66.72	67.883	67.883	95.036	91.727	55.036	70.0	0.976	97.9283	5671.3588
46	stage_2	1	67.62	67.883	67.883	95.036	91.727	55.036	70.0	0.976	98.2071	5769.5744
47	stage_2	1	67.0	67.883	67.883	95.036	91.727	55.036	70.0	0.976	98.7267	5868.3113
48	stage_2	1	66.5	67.883	67.883	95.036	91.727	55.036	70.0	0.976	97.5246	5965.8454
49	stage_2	1	66.0	67.883	67.883	95.036	91.727	55.036	70.0	0.976	98.8743	6064.7288
50	stage_2	1	66.68	67.883	67.883	95.036	91.727	55.036	70.0	0.976	101.2444	6165.9823
51	stage_2	1	66.33	67.883	67.883	95.036	91.727	55.036	70.0	0.976	99.3705	6265.3614
52	stage_2	1	65.45	67.883	67.883	95.036	91.727	55.036	70.0	0.976	97.7086	6363.0799
53	stage_2	1	65.81	67.883	67.883	95.036	91.727	55.036	70.0	0.976	97.9119	6461.0009
54	stage_2	1	65.71	67.883	67.883	95.036	91.727	55.036	70.0	0.976	101.1506	6562.1616
55	stage_2	1	64.98	67.883	67.883	95.036	91.727	55.036	70.0	0.976	102.6619	6664.8328
56	stage_2	1	64.95	67.883	67.883	95.036	91.727	55.036	70.0	0.976	101.2699	6766.1117
57	stage_2	1	65.06	67.883	67.883	95.036	91.727	55.036	70.0	0.976	166.0476	6932.1682
58	stage_3	2	67.72	75.137	75.137	90.164	87.705	70.164	60.0	0.983	92.7536	7024.9309
59	stage_3	2	66.73	75.137	75.137	90.164	87.705	70.164	60.0	0.983	89.4804	7114.4201
60	stage_3	2	67.19	75.137	75.137	90.164	87.705	70.164	60.0	0.983	87.2829	7201.7147
61	stage_3	2	67.24	75.137	75.137	90.164	87.705	70.164	60.0	0.983	90.0030	7291.7265
62	stage_3	2	67.41	75.137	75.137	90.164	87.705	70.164	60.0	0.983	91.0359	7382.7712
63	stage_3	2	67.41	75.137	75.137	90.164	87.705	70.164	60.0	0.983	89.7114	7472.4914
64	stage_3	2	67.07	75.137	75.137	90.164	87.705	70.164	60.0	0.983	87.9487	7560.4496
65	stage_3	2	67.23	75.137	75.137	90.164	87.705	70.164	60.0	0.983	87.3362	7647.7964
66	stage_3	2	67.94	75.137	75.137	90.164	87.705	70.164	60.0	0.983	87.7098	7735.5194
67	stage_3	2	67.14	75.137	75.137	90.164	87.705	70.164	60.0	0.983	88.8254	7824.3534
68	stage_3	2	67.11	75.137	75.137	90.164	87.705	70.164	60.0	0.983	89.3409	7913.7031
69	stage_3	2	66.93	75.137	75.137	90.164	87.705	70.164	60.0	0.983	88.8386	8002.5499
70	stage_3	2	67.02	75.137	75.137	90.164	87.705	70.164	60.0	0.983	90.2293	8092.7920
71	stage_3	2	66.65	75.137	75.137	90.164	87.705	70.164	60.0	0.983	91.2996	8184.1065
72	stage_3	2	66.99	75.137	75.137	90.164	87.705	70.164	60.0	0.983	92.2375	8276.3541
73	stage_3	2	66.99	75.137	75.137	90.164	87.705	70.164	60.0	0.983	89.6877	8366.0505
74	stage_3	2	66.97	75.137	75.137	90.164	87.705	70.164	60.0	0.983	88.8271	8454.8858
75	stage_3	2	65.94	75.137	75.137	90.164	87.705	70.164	60.0	0.983	88.3680	8543.4279
76	stage_3	2	66.1	75.137	75.137	90.164	87.705	70.164	60.0	0.983	152.5738	8696.0109
77	stage_4	3	68.15	79.728	79.728	79.728	79.728	79.728	50.0	0.989	80.7824	8776.8021
78	stage_4	3	68.39	79.728	79.728	79.728	79.728	79.728	50.0	0.989	81.2300	8858.0411
79	stage_4	3	68.33	79.728	79.728	79.728	79.728	79.728	50.0	0.989	81.7137	8939.7683
80	stage_4	3	68.92	79.728	79.728	79.728	79.728	79.728	50.0	0.989	82.0385	9021.8154
81	stage_4	3	68.68	79.728	79.728	79.728	79.728	79.728	50.0	0.989	86.0406	9107.8644
82	stage_4	3	68.76	79.728	79.728	79.728	79.728	79.728	50.0	0.989	83.9064	9191.7793
83	stage_4	3	68.75	79.728	79.728	79.728	79.728	79.728	50.0	0.989	81.3790	9273.1692
84	stage_4	3	68.84	79.728	79.728	79.728	79.728	79.728	50.0	0.989	81.4392	9354.6192
85	stage_4	3	68.25	79.728	79.728	79.728	79.728	79.728	50.0	0.989	83.5941	9438.2270
86	stage_4	3	68.23	79.728	79.728	79.728	79.728	79.728	50.0	0.989	82.0806	9520.3196
87	stage_4	3	68.67	79.728	79.728	79.728	79.728	79.728	50.0	0.989	82.4358	9602.7642
88	stage_4	3	68.19	79.728	79.728	79.728	79.728	79.728	50.0	0.989	85.8818	9688.6564
89	stage_4	3	68.62	79.728	79.728	79.728	79.728	79.728	50.0	0.989	84.1721	9772.8375
90	stage_4	3	68.47	79.728	79.728	79.728	79.728	79.728	50.0	0.989	87.1943	9860.0434
91	stage_4	3	68.61	79.728	79.728	79.728	79.728	79.728	50.0	0.989	86.2769	9946.3302
92	stage_4	3	68.82	79.728	79.728	79.728	79.728	79.728	50.0	0.989	83.5715	10029.9118
93	stage_4	3	68.65	79.728	79.728	79.728	79.728	79.728	50.0	0.989	84.6347	10114.5566
94	stage_4	3	69.3	79.728	79.728	79.728	79.728	79.728	50.0	0.989	83.3581	10197.9236
95	stage_4	3	69.18	79.728	79.728	79.728	79.728	79.728	50.0	0.989	78.2478	10276.1807
