epoch	phase	stage	acc	stage_pure	clean_precision	clean_recall	noisy_precision	noisy_recall	keep_ratio	avg_teacher_similarity	round_time_sec	total_time_sec
0	warmup	warmup	11.35	None	None	None	None	None	None	None	39.6112	39.6177
1	warmup	warmup	11.35	None	None	None	None	None	None	None	42.9058	82.5336
2	warmup	warmup	54.45	None	None	None	None	None	None	None	43.0466	125.5867
3	warmup	warmup	83.92	None	None	None	None	None	None	None	44.2348	169.8317
4	warmup	warmup	87.67	None	None	None	None	None	None	None	42.7268	212.5647
5	warmup	warmup	88.64	None	None	None	None	None	None	None	43.0450	255.6226
6	warmup	warmup	90.82	None	None	None	None	None	None	None	43.0876	298.7166
7	warmup	warmup	91.37	None	None	None	None	None	None	None	95.7513	394.4781
8	stage_1	0	66.55	91.513	91.513	84.976	69.952	81.611	65.0	0.978	31.8908	426.3793
9	stage_1	0	75.71	91.513	91.513	84.976	69.952	81.611	65.0	0.978	32.0794	458.4651
10	stage_1	0	82.87	91.513	91.513	84.976	69.952	81.611	65.0	0.978	33.3152	491.7904
11	stage_1	0	84.75	91.513	91.513	84.976	69.952	81.611	65.0	0.978	32.7710	524.5677
12	stage_1	0	85.96	91.513	91.513	84.976	69.952	81.611	65.0	0.978	32.2496	556.8272
13	stage_1	0	86.99	91.513	91.513	84.976	69.952	81.611	65.0	0.978	31.9447	588.7782
14	stage_1	0	87.18	91.513	91.513	84.976	69.952	81.611	65.0	0.978	32.5908	621.3795
15	stage_1	0	88.25	91.513	91.513	84.976	69.952	81.611	65.0	0.978	32.5948	653.9819
16	stage_1	0	89.13	91.513	91.513	84.976	69.952	81.611	65.0	0.978	31.8966	685.8887
17	stage_1	0	89.13	91.513	91.513	84.976	69.952	81.611	65.0	0.978	32.5927	718.4881
18	stage_1	0	89.7	91.513	91.513	84.976	69.952	81.611	65.0	0.978	32.3182	750.8168
19	stage_1	0	90.06	91.513	91.513	84.976	69.952	81.611	65.0	0.978	32.2754	783.0988
20	stage_1	0	90.81	91.513	91.513	84.976	69.952	81.611	65.0	0.978	32.2366	815.3463
21	stage_1	0	90.45	91.513	91.513	84.976	69.952	81.611	65.0	0.978	32.1457	847.4985
22	stage_1	0	91.1	91.513	91.513	84.976	69.952	81.611	65.0	0.978	32.3744	879.8835
23	stage_1	0	90.41	91.513	91.513	84.976	69.952	81.611	65.0	0.978	32.0530	911.9431
24	stage_1	0	91.14	91.513	91.513	84.976	69.952	81.611	65.0	0.978	32.3566	944.3128
25	stage_1	0	91.64	91.513	91.513	84.976	69.952	81.611	65.0	0.978	32.8942	977.2136
26	stage_1	0	91.72	91.513	91.513	84.976	69.952	81.611	65.0	0.978	32.4474	1009.6714
27	stage_1	0	92.24	91.513	91.513	84.976	69.952	81.611	65.0	0.978	32.7387	1042.4172
28	stage_1	0	91.9	91.513	91.513	84.976	69.952	81.611	65.0	0.978	32.0130	1074.4407
29	stage_1	0	92.51	91.513	91.513	84.976	69.952	81.611	65.0	0.978	73.1274	1147.5748
30	stage_2	1	92.97	97.464	97.464	90.502	81.005	94.506	65.0	0.961	32.2746	1179.8610
31	stage_2	1	93.5	97.464	97.464	90.502	81.005	94.506	65.0	0.961	32.3363	1212.2039
32	stage_2	1	93.58	97.464	97.464	90.502	81.005	94.506	65.0	0.961	32.2918	1244.5061
33	stage_2	1	93.84	97.464	97.464	90.502	81.005	94.506	65.0	0.961	31.7082	1276.2208
34	stage_2	1	94.29	97.464	97.464	90.502	81.005	94.506	65.0	0.961	32.4750	1308.7120
35	stage_2	1	94.22	97.464	97.464	90.502	81.005	94.506	65.0	0.961	32.4898	1341.2084
36	stage_2	1	94.09	97.464	97.464	90.502	81.005	94.506	65.0	0.961	33.1281	1374.3470
37	stage_2	1	94.37	97.464	97.464	90.502	81.005	94.506	65.0	0.961	33.3691	1407.7225
38	stage_2	1	94.51	97.464	97.464	90.502	81.005	94.506	65.0	0.961	32.3473	1440.0789
39	stage_2	1	94.41	97.464	97.464	90.502	81.005	94.506	65.0	0.961	31.6395	1471.7252
40	stage_2	1	94.4	97.464	97.464	90.502	81.005	94.506	65.0	0.961	32.6773	1504.4130
41	stage_2	1	94.62	97.464	97.464	90.502	81.005	94.506	65.0	0.961	31.9743	1536.3938
42	stage_2	1	94.81	97.464	97.464	90.502	81.005	94.506	65.0	0.961	32.7551	1569.1597
43	stage_2	1	94.91	97.464	97.464	90.502	81.005	94.506	65.0	0.961	32.2008	1601.3673
44	stage_2	1	94.91	97.464	97.464	90.502	81.005	94.506	65.0	0.961	33.2238	1634.6028
45	stage_2	1	95.13	97.464	97.464	90.502	81.005	94.506	65.0	0.961	32.3318	1666.9412
46	stage_2	1	94.83	97.464	97.464	90.502	81.005	94.506	65.0	0.961	32.5223	1699.4743
47	stage_2	1	95.07	97.464	97.464	90.502	81.005	94.506	65.0	0.961	32.2569	1731.7378
48	stage_2	1	94.97	97.464	97.464	90.502	81.005	94.506	65.0	0.961	31.9825	1763.7340
49	stage_2	1	95.16	97.464	97.464	90.502	81.005	94.506	65.0	0.961	32.4135	1796.1543
50	stage_2	1	95.28	97.464	97.464	90.502	81.005	94.506	65.0	0.961	32.2870	1828.4545
51	stage_2	1	94.87	97.464	97.464	90.502	81.005	94.506	65.0	0.961	60.9117	1889.3731
52	stage_3	2	95.21	98.426	98.426	91.395	82.79	96.589	65.0	0.964	31.8098	1921.1925
53	stage_3	2	95.77	98.426	98.426	91.395	82.79	96.589	65.0	0.964	32.4280	1953.6279
54	stage_3	2	96.13	98.426	98.426	91.395	82.79	96.589	65.0	0.964	32.4070	1986.0471
55	stage_3	2	95.84	98.426	98.426	91.395	82.79	96.589	65.0	0.964	32.3832	2018.4376
56	stage_3	2	95.95	98.426	98.426	91.395	82.79	96.589	65.0	0.964	32.3176	2050.7660
57	stage_3	2	96.34	98.426	98.426	91.395	82.79	96.589	65.0	0.964	32.6534	2083.4264
58	stage_3	2	96.32	98.426	98.426	91.395	82.79	96.589	65.0	0.964	32.4788	2115.9161
59	stage_3	2	96.06	98.426	98.426	91.395	82.79	96.589	65.0	0.964	32.0141	2147.9372
60	stage_3	2	96.61	98.426	98.426	91.395	82.79	96.589	65.0	0.964	32.9436	2180.8904
61	stage_3	2	96.39	98.426	98.426	91.395	82.79	96.589	65.0	0.964	32.0388	2212.9363
62	stage_3	2	96.47	98.426	98.426	91.395	82.79	96.589	65.0	0.964	31.3779	2244.3248
63	stage_3	2	96.47	98.426	98.426	91.395	82.79	96.589	65.0	0.964	32.4865	2276.8182
64	stage_3	2	96.61	98.426	98.426	91.395	82.79	96.589	65.0	0.964	33.1156	2309.9460
65	stage_3	2	96.39	98.426	98.426	91.395	82.79	96.589	65.0	0.964	32.1515	2342.1072
66	stage_3	2	96.49	98.426	98.426	91.395	82.79	96.589	65.0	0.964	32.0855	2374.2051
67	stage_3	2	96.49	98.426	98.426	91.395	82.79	96.589	65.0	0.964	32.5491	2406.7614
68	stage_3	2	96.51	98.426	98.426	91.395	82.79	96.589	65.0	0.964	33.0115	2439.7854
69	stage_3	2	96.6	98.426	98.426	91.395	82.79	96.589	65.0	0.964	32.4036	2472.1960
70	stage_3	2	96.8	98.426	98.426	91.395	82.79	96.589	65.0	0.964	32.2773	2504.4830
71	stage_3	2	96.56	98.426	98.426	91.395	82.79	96.589	65.0	0.964	33.0987	2537.5949
72	stage_3	2	96.62	98.426	98.426	91.395	82.79	96.589	65.0	0.964	32.4527	2570.0590
73	stage_3	2	96.44	98.426	98.426	91.395	82.79	96.589	65.0	0.964	49.9592	2620.0251
74	stage_4	3	96.76	98.141	98.141	91.131	82.262	95.972	65.0	0.966	31.6322	2651.6689
75	stage_4	3	96.77	98.141	98.141	91.131	82.262	95.972	65.0	0.966	32.5164	2684.1924
76	stage_4	3	96.72	98.141	98.141	91.131	82.262	95.972	65.0	0.966	32.5202	2716.7239
77	stage_4	3	96.93	98.141	98.141	91.131	82.262	95.972	65.0	0.966	32.1018	2748.8328
78	stage_4	3	96.9	98.141	98.141	91.131	82.262	95.972	65.0	0.966	32.6082	2781.4540
79	stage_4	3	97.08	98.141	98.141	91.131	82.262	95.972	65.0	0.966	33.3210	2814.7822
80	stage_4	3	96.92	98.141	98.141	91.131	82.262	95.972	65.0	0.966	32.3325	2847.1257
81	stage_4	3	96.82	98.141	98.141	91.131	82.262	95.972	65.0	0.966	32.5027	2879.6355
82	stage_4	3	96.85	98.141	98.141	91.131	82.262	95.972	65.0	0.966	33.0251	2912.6716
83	stage_4	3	96.89	98.141	98.141	91.131	82.262	95.972	65.0	0.966	32.4753	2945.1539
84	stage_4	3	96.73	98.141	98.141	91.131	82.262	95.972	65.0	0.966	32.0327	2977.1974
85	stage_4	3	96.82	98.141	98.141	91.131	82.262	95.972	65.0	0.966	32.4647	3009.6699
86	stage_4	3	96.91	98.141	98.141	91.131	82.262	95.972	65.0	0.966	32.1327	3041.8137
87	stage_4	3	96.86	98.141	98.141	91.131	82.262	95.972	65.0	0.966	32.9530	3074.7739
88	stage_4	3	96.37	98.141	98.141	91.131	82.262	95.972	65.0	0.966	32.1053	3106.8904
89	stage_4	3	96.64	98.141	98.141	91.131	82.262	95.972	65.0	0.966	33.6501	3140.5473
90	stage_4	3	96.75	98.141	98.141	91.131	82.262	95.972	65.0	0.966	32.1395	3172.6976
91	stage_4	3	96.69	98.141	98.141	91.131	82.262	95.972	65.0	0.966	32.1401	3204.8450
92	stage_4	3	96.6	98.141	98.141	91.131	82.262	95.972	65.0	0.966	32.2515	3237.1076
93	stage_4	3	96.72	98.141	98.141	91.131	82.262	95.972	65.0	0.966	32.2012	3269.3158
94	stage_4	3	96.73	98.141	98.141	91.131	82.262	95.972	65.0	0.966	32.3136	3301.6404
95	stage_4	3	96.52	98.141	98.141	91.131	82.262	95.972	65.0	0.966	32.3777	3334.0254
